-SUNDIALS
26.572541331864940
26.243883033347910
26.243807508182432
26.243815185459269
26.243814388617590
26.243814434246339
26.243813878400349
26.243814514873375
26.243814457664747
26.243814462385526
26.243814476280498
26.243814429170587
26.243813836945318
26.243814504398969
26.243814428448079
26.243814503182847
26.243813973468761
26.243814061364091
26.243814477142529
26.243814430084633
26.243814473916583
26.243814467697888
26.243814447777741
26.243813973690933
26.243814511709694
26.243813981299546
26.243814538373119
26.243813817105622
26.243814483399799
26.243814433366786

-MATLAB
26.572537138196413
26.243227879489506
26.243227877519004
26.243227882895180
26.243227879312705
26.243227882314596
26.243227883018363
26.243227880241541
26.243227876296437
26.243227882837989
26.243227877291968
26.243227876910979
26.243227884369915
26.243227878962298
26.243227882691702
26.243227884347643
26.243227879402152
26.243227882143785
26.243227877209797
26.243227880609897
26.243227875622722
26.243227875427113
26.243227883645744
26.243227876464463
26.243227879051513
26.243227884322810
26.243227875646184
26.243227869899954
26.243227878695624
26.243227874103226