-SUNDIALS
26.572541331864940
26.240552076939320
26.238703658295044
26.236850664725740
26.234997465954475
26.233075615335675
26.231225462151631
26.229364553009322
26.227876581308269
26.225972143172140
26.224492633642043
26.222612628103011
26.220770392475231
26.218700379253157
26.216920195165827
26.215070710391689
26.212863370529902
26.211526347480561
26.209590852827713
26.207888799971990
26.205924941076976
26.204198047255300
26.202291202776102
26.200442052014495
26.198573169560579
26.196712740636379
26.195096041486497
26.193272843088351
26.191409733410957
26.189693043876595

-MATLAB
26.571498292864984
26.239454272225984
26.237604891811028
26.235758516016020
26.233912357506323
26.232066401183364
26.230220650004739
26.228375104738891
26.226529775099202
26.224684634062339
26.222839708338245
26.220994995144995
26.219150480857103
26.217306162698382
26.215462064463516
26.213618178291224
26.211779369898373
26.209935896693757
26.208092614670001
26.206249537291143
26.204408214077031
26.202565556400501
26.200723104644773
26.198880857746040
26.197034567378129
26.195192728941006
26.193351096829588
26.191509670443004
26.189668450398774
26.187827435049126
