   0.00000 | 25777.500000000000000 |22610.700000000000728 |   3.866102479633113 |   0.000000000000000 |  27.263836618115000 |
  36.00000 | 26124.849699405087449 |22304.222712556129409 |   3.850288151941666 |   0.270000000000000 |  27.263836618115000 |
  72.00000 | 26342.071999041167146 |22078.747722834097658 |   3.840957515107486 |   0.540000000000000 |  27.263836618115000 |
 108.00000 | 26550.503145001184748 |21854.267185137618071 |   3.832374247515573 |   0.810000000000000 |  27.263836618115000 |
 144.00000 | 26757.517077130316466 |21629.807163516488799 |   3.824176021000369 |   1.080000000000000 |  27.263836618115000 |
 180.00000 | 26964.301308154335857 |21405.346780544368812 |   3.816275693005000 |   1.350000000000000 |  27.263836618115000 |
 216.00000 | 27171.061825106360629 |21180.886360787593730 |   3.808631241652581 |   1.620000000000000 |  27.263836618115000 |
 252.00000 | 27377.818552499764337 |20956.425938991691510 |   3.801213530778643 |   1.890000000000000 |  27.263836618115000 |
 288.00000 | 27584.576555914725759 |20731.965519282901369 |   3.793997543998838 |   2.160000000000000 |  27.263836618115000 |
 324.00000 | 27791.335173916613712 |20507.505100567690533 |   3.786968360914208 |   2.430000000000000 |  27.263836618115000 |
 360.00000 | 27998.093909178562171 |20283.044681751445751 |   3.780105745692883 |   2.700000000000000 |  27.263836618115000 |
 396.00000 | 28204.852831501193577 |20058.584262990247225 |   3.773392378953496 |   2.970000000000000 |  27.263836618115000 |
 432.00000 | 28411.611908449180191 |19834.123844220797764 |   3.766822412712020 |   3.240000000000000 |  27.263836618115000 |
 468.00000 | 28618.370976889731537 |19609.663425418730185 |   3.760372945465166 |   3.510000000000000 |  27.263836618115000 |
 504.00000 | 28825.130075676621345 |19385.203006607222051 |   3.754046860636878 |   3.780000000000000 |  27.263836618115000 |
 540.00000 | 29031.889157265013637 |19160.742587791784899 |   3.747827237203700 |   4.050000000000000 |  27.263836618115000 |
 576.00000 | 29238.648235988544911 |18936.282168973997614 |   3.741709879756652 |   4.320000000000000 |  27.263836618115000 |
 612.00000 | 29445.407309843696567 |18711.821750157407223 |   3.735684525121331 |   4.590000000000000 |  27.263836618115000 |
 648.00000 | 29652.166379715865332 |18487.361331340445759 |   3.729755708847333 |   4.860000000000000 |  27.263836618115000 |
 684.00000 | 29858.925446027336875 |18262.900912523153238 |   3.723921598281469 |   5.130000000000000 |  27.263836618115000 |
 720.00000 | 30065.684515380264202 |18038.440493706217239 |   3.718153540676442 |   5.399999999999999 |  27.263836618115000 |
 756.00000 | 30272.443583968364692 |17813.980074889237585 |   3.712468054926982 |   5.670000000000000 |  27.263836618115000 |
 792.00000 | 30479.202651791645621 |17589.519656072221551 |   3.706865141033088 |   5.940000000000000 |  27.263836618115000 |
 828.00000 | 30685.961719786948379 |17365.059237255274638 |   3.701330979471372 |   6.209999999999999 |  27.263836618115000 |
 864.00000 | 30892.720788276266831 |17140.598818438447779 |   3.695860820652277 |   6.480000000000000 |  27.263836618115000 |
 900.00000 | 31099.479856775611552 |16916.138399621671851 |   3.690461803933267 |   6.749999999999999 |  27.263836618115000 |
 936.00000 | 31306.238925293422653 |16691.677980804946856 |   3.685132394818484 |   7.020000000000000 |  27.263836618115000 |
 972.00000 | 31512.997993910474179 |16467.217561988178204 |   3.679857927004337 |   7.289999999999999 |  27.263836618115000 |
1008.00000 | 31719.757062579043122 |16242.757143171420466 |   3.674647065437772 |   7.560000000000000 |  27.263836618115000 |
1044.00000 | 31926.516131299133122 |16018.296724354671824 |   3.669499810118790 |   7.829999999999999 |  27.263836618115000 |
1080.00000 | 32133.275200020001648 |15793.836305537917724 |   3.664409346020603 |   8.100000000000000 |  27.263836618115000 |
1116.00000 | 32340.034268731160410 |15569.375886721158167 |   3.659374264248263 |   8.369999999999999 |  27.263836618115000 |
1152.00000 | 32546.793337454873836 |15344.915467904398611 |   3.654397554506690 |   8.639999999999999 |  27.263836618115000 |
1188.00000 | 32753.552406187620363 |15120.455049087635416 |   3.649478106204786 |   8.909999999999998 |  27.263836618115000 |
1224.00000 | 32960.311474906200601 |14895.994630270872221 |   3.644608566885025 |   9.179999999999998 |  27.263836618115000 |
1260.00000 | 33167.070543624693528 |14671.534211454109027 |   3.639793398815562 |   9.449999999999999 |  27.263836618115000 |
1296.00000 | 33373.829612343091867 |14447.073792637347651 |   3.635032601996394 |   9.719999999999999 |  27.263836618115000 |
1332.00000 | 33580.588681060529780 |14222.613373820586276 |   3.630320712878942 |   9.989999999999998 |  27.263836618115000 |
1368.00000 | 33787.347749776927230 |13998.152955003823081 |   3.625657263255615 |  10.260000000000000 |  27.263836618115000 |
1404.00000 | 33994.106818492611637 |13773.692536187061705 |   3.621044272582346 |  10.529999999999999 |  27.263836618115000 |
1440.00000 | 34200.865887207575724 |13549.232117370298511 |   3.616481740859135 |  10.799999999999999 |  27.263836618115000 |
1476.00000 | 34407.624955921834044 |13324.771698553537135 |   3.611969668085981 |  11.069999999999999 |  27.263836618115000 |
1512.00000 | 34614.384024636718095 |13100.311279736775759 |   3.607495237581430 |  11.340000000000000 |  27.263836618115000 |
1548.00000 | 34821.143093351660355 |12875.850860920012565 |   3.603064071382096 |  11.609999999999999 |  27.263836618115000 |
1584.00000 | 35027.902162066442543 |12651.390442103251189 |   3.598678043262811 |  11.879999999999999 |  27.263836618115000 |
1620.00000 | 35234.661230781071936 |12426.930023286487994 |   3.594337153223577 |  12.150000000000000 |  27.263836618115000 |
1656.00000 | 35441.420299495570362 |12202.469604469726619 |   3.590040950747170 |  12.419999999999998 |  27.263836618115000 |
1692.00000 | 35648.179368210468965 |11978.009185652963424 |   3.585769322505840 |  12.689999999999998 |  27.263836618115000 |
1728.00000 | 35854.938436925403948 |11753.548766836202049 |   3.581535678812312 |  12.959999999999999 |  27.263836618115000 |
1764.00000 | 36061.697505640389863 |11529.088348019440673 |   3.577340019666587 |  13.229999999999999 |  27.263836618115000 |
1800.00000 | 36268.456574355346675 |11304.627929202677478 |   3.573167680209865 |  13.499999999999998 |  27.263836618115000 |
1836.00000 | 36475.215643070310762 |11080.167510385914284 |   3.569024976448597 |  13.769999999999998 |  27.263836618115000 |
1872.00000 | 36681.974711785289401 |10855.707091569151089 |   3.564912548819462 |  14.039999999999997 |  27.263836618115000 |
1908.00000 | 36888.733780500253488 |10631.246672752387894 |   3.560812579357632 |  14.309999999999997 |  27.263836618115000 |
1944.00000 | 37095.492849215217575 |10406.786253935626519 |   3.556730343395610 |  14.579999999999997 |  27.263836618115000 |
1980.00000 | 37302.251917930174386 |10182.325835118865143 |   3.552666260129241 |  14.849999999999996 |  27.263836618115000 |
2016.00000 | 37509.010986645131197 |9957.865416302103768 |   3.548598423047078 |  15.119999999999997 |  27.263836618115000 |
2052.00000 | 37715.770055360080732 |9733.404997485340573 |   3.544537643703547 |  15.389999999999997 |  27.263836618115000 |
2088.00000 | 37922.529124075030268 |9508.944578668577378 |   3.540469676955677 |  15.659999999999995 |  27.263836618115000 |
2124.00000 | 38129.288192789979803 |9284.484159851814184 |   3.536386940843991 |  15.929999999999996 |  27.263836618115000 |
2160.00000 | 38336.047261504929338 |9060.023741035050989 |   3.532287527497561 |  16.199999999999996 |  27.263836618115000 |
2196.00000 | 38542.806330219878873 |8835.563322218291432 |   3.528152595569303 |  16.469999999999995 |  27.263836618115000 |
2232.00000 | 38749.565398934835684 |8611.102903401530057 |   3.523982584068398 |  16.739999999999995 |  27.263836618115000 |
2268.00000 | 38956.324467649792496 |8386.642484584766862 |   3.519754582602093 |  17.009999999999994 |  27.263836618115000 |
2304.00000 | 39163.083536364734755 |8162.182065768005486 |   3.515466047621603 |  17.279999999999994 |  27.263836618115000 |
2340.00000 | 39369.842605079684290 |7937.721646951244111 |   3.511102825820482 |  17.549999999999994 |  27.263836618115000 |
2376.00000 | 39576.601673794641101 |7713.261228134483645 |   3.506642731859513 |  17.819999999999990 |  27.263836618115000 |
2412.00000 | 39783.360742509590636 |7488.800809317722269 |   3.502078951439445 |  18.089999999999989 |  27.263836618115000 |
2448.00000 | 39990.119811224547448 |7264.340390500959984 |   3.497378339791451 |  18.359999999999992 |  27.263836618115000 |
2484.00000 | 40196.878879939496983 |7039.879971684197699 |   3.492527814212229 |  18.629999999999992 |  27.263836618115000 |
2520.00000 | 40403.637948654446518 |6815.419552867436323 |   3.487508045676814 |  18.899999999999991 |  27.263836618115000 |
2556.00000 | 40610.397017369403329 |6590.959134050674948 |   3.482292955271085 |  19.169999999999991 |  27.263836618115000 |
2592.00000 | 40817.156086084352864 |6366.498715233911753 |   3.476833403538339 |  19.439999999999991 |  27.263836618115000 |
2628.00000 | 41023.915154799302400 |6142.038296417149468 |   3.471112262620252 |  19.709999999999990 |  27.263836618115000 |
2664.00000 | 41230.674223514259211 |5917.577877600386273 |   3.465095342817907 |  19.979999999999990 |  27.263836618115000 |
2700.00000 | 41437.433292229216022 |5693.117458783624897 |   3.458740057279328 |  20.249999999999989 |  27.263836618115000 |
2736.00000 | 41644.192360944158281 |5468.657039966863522 |   3.452002228520253 |  20.519999999999985 |  27.263836618115000 |
2772.00000 | 41850.951429659115092 |5244.196621150100327 |   3.444832879497157 |  20.789999999999985 |  27.263836618115000 |
2808.00000 | 42057.710498374071904 |5019.736202333338952 |   3.437175654480346 |  21.059999999999981 |  27.263836618115000 |
2844.00000 | 42264.469567089028715 |4795.275783516576666 |   3.428969087600519 |  21.329999999999984 |  27.263836618115000 |
2880.00000 | 42471.228635803970974 |4570.815364699814381 |   3.420152927266883 |  21.599999999999987 |  27.263836618115000 |
2916.00000 | 42677.987704518920509 |4346.354945883053006 |   3.410646700395429 |  21.869999999999983 |  27.263836618115000 |
2952.00000 | 42884.746773233877320 |4121.894527066292540 |   3.400369498162008 |  22.139999999999983 |  27.263836618115000 |
2988.00000 | 43091.505841948834131 |3897.434108249532528 |   3.389249672064333 |  22.409999999999979 |  27.263836618115000 |
3024.00000 | 43298.264910663776391 |3672.973689432772062 |   3.377173549547022 |  22.679999999999975 |  27.263836618115000 |
3060.00000 | 43505.023979378725926 |3448.513270616010686 |   3.364038697740398 |  22.949999999999974 |  27.263836618115000 |
3096.00000 | 43711.783048093682737 |3224.052851799250675 |   3.349740377039183 |  23.219999999999974 |  27.263836618115000 |
3132.00000 | 43918.542116808632272 |2999.592432982489754 |   3.334155154756799 |  23.489999999999970 |  27.263836618115000 |
3168.00000 | 44125.301185523589083 |2775.132014165727469 |   3.317132629999695 |  23.759999999999970 |  27.263836618115000 |
3204.00000 | 44332.060254238538619 |2550.671595348965639 |   3.298556648254764 |  24.029999999999969 |  27.263836618115000 |
3240.00000 | 44538.819322953488154 |2326.211176532204263 |   3.278248573580234 |  24.299999999999972 |  27.263836618115000 |
3276.00000 | 44745.578391668444965 |2101.750757715441978 |   3.256041820632332 |  24.569999999999972 |  27.263836618115000 |
3312.00000 | 44952.337460383394500 |1877.290338898681284 |   3.231696810154197 |  24.839999999999971 |  27.263836618115000 |
3348.00000 | 45159.096529098351311 |1652.829920081917408 |   3.204904732113288 |  25.109999999999975 |  27.263836618115000 |
3384.00000 | 45365.855597813293571 |1428.369501265154440 |   3.175097366993324 |  25.379999999999974 |  27.263836618115000 |
3420.00000 | 45572.614666528257658 |1203.909082448392610 |   3.141061062070490 |  25.649999999999974 |  27.263836618115000 |
3456.00000 | 45779.373735243199917 | 979.448663631633394 |   3.099680283581487 |  25.919999999999973 |  27.263836618115000 |
3492.00000 | 45986.132803958149452 | 754.988244814874179 |   3.041149235702493 |  26.189999999999969 |  27.263836618115000 |
3508.73068 | 46082.222263189680234 | 650.672238764754979 |   2.999999999999886 |  26.315480125992810 |  27.263836618115000 |
3544.73068 | 45608.106381840792892 |1025.532540598122978 |   3.800118766489003 |   0.000000000000000 | -27.263836618115000 |
3580.73068 | 45379.159598232079588 |1252.362816997372875 |   3.828639957390357 |   0.000000000000000 | -27.263836618115000 |
3616.73068 | 45168.819370956603962 |1476.883585889244614 |   3.852052425373257 |   0.000000000000000 | -27.263836618115000 |
3652.73068 | 44961.497700589236047 |1701.344819099398592 |   3.872832430477622 |   0.000000000000000 | -27.263836618115000 |
3688.73068 | 44754.653969306309591 |1925.805202171596875 |   3.891713166430574 |   0.000000000000000 | -27.263836618115000 |
3724.73068 | 44547.885834483771760 |2150.265621939804078 |   3.908982597275593 |   0.000000000000000 | -27.263836618115000 |
3760.73068 | 44341.126930682723469 |2374.726041224515029 |   3.924793806455400 |   0.000000000000000 | -27.263836618115000 |
3796.73068 | 44134.368155462609138 |2599.186460037291909 |   3.939253307365446 |   0.000000000000000 | -27.263836618115000 |
3832.73068 | 43927.609146618247905 |2823.646878847986500 |   3.952458612229287 |   0.000000000000000 | -27.263836618115000 |
3868.73068 | 43720.850083173500025 |3048.107297664663747 |   3.964501799080262 |   0.000000000000000 | -27.263836618115000 |
3904.73068 | 43514.091014072124381 |3272.567716481511525 |   3.975475917440944 |   0.000000000000000 | -27.263836618115000 |
3940.73068 | 43307.331945133701083 |3497.028135298278812 |   3.985472029607339 |   0.000000000000000 | -27.263836618115000 |
3976.73068 | 43100.572876379548688 |3721.488554115042916 |   3.994577805793917 |   0.000000000000000 | -27.263836618115000 |
4012.73068 | 42893.813807661528699 |3945.948972931806566 |   4.002878797721495 |   0.000000000000000 | -27.263836618115000 |
4048.73068 | 42687.054738947001169 |4170.409391748570670 |   4.010453949565724 |   0.000000000000000 | -27.263836618115000 |
4084.73068 | 42480.295670232218981 |4394.869810565335683 |   4.017379019085927 |   0.000000000000000 | -27.263836618115000 |
4120.73068 | 42273.536601517283998 |4619.330229382102516 |   4.023723386672401 |   0.000000000000000 | -27.263836618115000 |
4156.73068 | 42066.777532802334463 |4843.790648198868439 |   4.029551393312747 |   0.000000000000000 | -27.263836618115000 |
4192.73068 | 41860.018464087377652 |5068.251067015631634 |   4.034922750409248 |   0.000000000000000 | -27.263836618115000 |
4228.73068 | 41653.259395372428116 |5292.711485832395738 |   4.039891029862547 |   0.000000000000000 | -27.263836618115000 |
4264.73068 | 41446.500326657471305 |5517.171904649160751 |   4.044506400432842 |   0.000000000000000 | -27.263836618115000 |
4300.73068 | 41239.741257942514494 |5741.632323465924856 |   4.048813270040480 |   0.000000000000000 | -27.263836618115000 |
4336.73068 | 41032.982189227557683 |5966.092742282688960 |   4.052852586239141 |   0.000000000000000 | -27.263836618115000 |
4372.73068 | 40826.223120512608148 |6190.553161099453973 |   4.056661338872760 |   0.000000000000000 | -27.263836618115000 |
4408.73068 | 40619.464051797644061 |6415.013579916218987 |   4.060272551558216 |   0.000000000000000 | -27.263836618115000 |
4444.73068 | 40412.704983082694525 |6639.473998732983091 |   4.063716654237462 |   0.000000000000000 | -27.263836618115000 |
4480.73068 | 40205.945914367744990 |6863.934417549747195 |   4.067020296443736 |   0.000000000000000 | -27.263836618115000 |
4516.73068 | 39999.186845652788179 |7088.394836366512209 |   4.070208078589062 |   0.000000000000000 | -27.263836618115000 |
4552.73068 | 39792.427776937831368 |7312.855255183277222 |   4.073301937263967 |   0.000000000000000 | -27.263836618115000 |
4588.73068 | 39585.668708222874557 |7537.315674000040417 |   4.076320799065834 |   0.000000000000000 | -27.263836618115000 |
4624.73068 | 39378.909639507925021 |7761.776092816804521 |   4.079282266055863 |   0.000000000000000 | -27.263836618115000 |
4660.73068 | 39172.150570792968210 |7986.236511633569535 |   4.082201991727592 |   0.000000000000000 | -27.263836618115000 |
4696.73068 | 38965.391502078018675 |8210.696930450334548 |   4.085094759537147 |   0.000000000000000 | -27.263836618115000 |
4732.73068 | 38758.632433363061864 |8435.157349267099562 |   4.087972523303299 |   0.000000000000000 | -27.263836618115000 |
4768.73068 | 38551.873364648105053 |8659.617768083862757 |   4.090846312450519 |   0.000000000000000 | -27.263836618115000 |
4804.73068 | 38345.114295933148242 |8884.078186900627770 |   4.093726049508069 |   0.000000000000000 | -27.263836618115000 |
4840.73068 | 38138.355227218198706 |9108.538605717392784 |   4.096620608266996 |   0.000000000000000 | -27.263836618115000 |
4876.73068 | 37931.596158503241895 |9332.999024534155978 |   4.099538319405776 |   0.000000000000000 | -27.263836618115000 |
4912.73068 | 37724.837089788285084 |9557.459443350922811 |   4.102485769048816 |   0.000000000000000 | -27.263836618115000 |
4948.73068 | 37518.078021073328273 |9781.919862167684187 |   4.105469153874096 |   0.000000000000000 | -27.263836618115000 |
4984.73068 | 37311.318952358378738 |10006.380280984449200 |   4.108493978787934 |   0.000000000000000 | -27.263836618115000 |
5020.73068 | 37104.559883643421927 |10230.840699801214214 |   4.111565192352095 |   0.000000000000000 | -27.263836618115000 |
5056.73068 | 36897.800814928472391 |10455.301118617975590 |   4.114695795507069 |   0.000000000000000 | -27.263836618115000 |
5092.73068 | 36691.041746213522856 |10679.761537434736965 |   4.117879197906960 |   0.000000000000000 | -27.263836618115000 |
5128.73068 | 36484.282677498566045 |10904.221956251498341 |   4.121111999866549 |   0.000000000000000 | -27.263836618115000 |
5164.73068 | 36277.523608783609234 |11128.682375068263354 |   4.124396949473090 |   0.000000000000000 | -27.263836618115000 |
5200.73068 | 36070.764540068652423 |11353.142793885028368 |   4.127752937058552 |   0.000000000000000 | -27.263836618115000 |
5236.73068 | 35864.005471353710163 |11577.603212701787925 |   4.131182228058214 |   0.000000000000000 | -27.263836618115000 |
5272.73068 | 35657.246402638753352 |11802.063631518549300 |   4.134672152487863 |   0.000000000000000 | -27.263836618115000 |
5308.73068 | 35450.487333923811093 |12026.524050335308857 |   4.138230365634180 |   0.000000000000000 | -27.263836618115000 |
5344.73068 | 35243.728265208854282 |12250.984469152070233 |   4.141869232083403 |   0.000000000000000 | -27.263836618115000 |
5380.73068 | 35036.969196493904747 |12475.444887968833427 |   4.145576057958399 |   0.000000000000000 | -27.263836618115000 |
5416.73068 | 34830.210127778955211 |12699.905306785592984 |   4.149357367628359 |   0.000000000000000 | -27.263836618115000 |
5452.73068 | 34623.451059063998400 |12924.365725602354360 |   4.153214230361045 |   0.000000000000000 | -27.263836618115000 |
5488.73068 | 34416.691990349048865 |13148.826144419117554 |   4.157147589926497 |   0.000000000000000 | -27.263836618115000 |
5524.73068 | 34209.932921634099330 |13373.286563235878930 |   4.161158625512002 |   0.000000000000000 | -27.263836618115000 |
5560.73068 | 34003.173852919142519 |13597.746982052638486 |   4.165247829895931 |   0.000000000000000 | -27.263836618115000 |
5596.73068 | 33796.414784204185707 |13822.207400869399862 |   4.169416200494528 |   0.000000000000000 | -27.263836618115000 |
5632.73068 | 33589.655715489221620 |14046.667819686164876 |   4.173665346058273 |   0.000000000000000 | -27.263836618115000 |
5668.73068 | 33382.896646774272085 |14271.128238502928070 |   4.177994964731274 |   0.000000000000000 | -27.263836618115000 |
5704.73068 | 33176.137578059322550 |14495.588657319693084 |   4.182405140283120 |   0.000000000000000 | -27.263836618115000 |
5740.73068 | 32969.378509344373015 |14720.049076136456279 |   4.186899668730560 |   0.000000000000000 | -27.263836618115000 |
5776.73068 | 32762.619440629427118 |14944.509494953217654 |   4.191476644076109 |   0.000000000000000 | -27.263836618115000 |
5812.73068 | 32555.860371914473944 |15168.969913769980849 |   4.196136436942562 |   0.000000000000000 | -27.263836618115000 |
5842.07746 | 32387.312822021802276 |15351.947395118599161 |   4.200000000000011 |   0.000000000000000 | -27.263836618115000 |
5878.07746 | 32180.553753306849103 |15576.407813935360537 |   4.204816706451540 |   0.000000000000000 | -27.263836618115000 |
5914.07746 | 31973.794684591895930 |15800.868232752123731 |   4.209718508911211 |   0.000000000000000 | -27.263836618115000 |
5950.07746 | 31805.576472916865896 |15991.656776165540577 |   4.200000000000001 |   0.000000000000000 | -23.798282627264676 |
5986.07746 | 31635.055799421199481 |16180.551245268685307 |   4.200000000000000 |   0.000000000000000 | -22.835198000603540 |
6022.07746 | 31470.621797301213519 |16362.031622570802938 |   4.199999999999999 |   0.000000000000000 | -21.930092040222132 |
6058.07746 | 31312.397278330947302 |16536.484554638675036 |   4.200000000000000 |   0.000000000000000 | -21.080567706672543 |
6094.07746 | 31160.110255159535882 |16704.311335149443039 |   4.200000000000001 |   0.000000000000000 | -20.282640647064540 |
6130.07746 | 31013.425154485990788 |16865.908437037327531 |   4.199999999999999 |   0.000000000000000 | -19.532216189493006 |
6166.07746 | 30872.010179315624555 |17021.647298400443105 |   4.200000000000000 |   0.000000000000000 | -18.825446619020056 |
6202.07746 | 30735.573457192287606 |17171.854212574711710 |   4.200000000000000 |   0.000000000000000 | -18.159012670602962 |
6238.07746 | 30603.838032650619425 |17316.839375629700953 |   4.200000000000000 |   0.000000000000000 | -17.529815733644163 |
6274.07746 | 30476.544580464229512 |17456.893374796869466 |   4.200000000000001 |   0.000000000000000 | -16.935008072347514 |
6310.07746 | 30353.457112176885857 |17592.280528596107615 |   4.199999999999999 |   0.000000000000000 | -16.372048199349162 |
6346.07746 | 30234.359685410505335 |17723.242560313341528 |   4.200000000000000 |   0.000000000000000 | -15.838653239848105 |
6382.07746 | 30119.047066963350517 |17850.009063642271940 |   4.199999999999999 |   0.000000000000000 | -15.332698979579279 |
6418.07746 | 30007.325347036789026 |17972.796857431309036 |   4.200000000000000 |   0.000000000000000 | -14.852199419717978 |
6454.07746 | 29899.023816500943212 |18091.796764285809331 |   4.199999999999999 |   0.000000000000000 | -14.395399049415145 |
6490.07746 | 29793.980269392330229 |18207.190779172833572 |   4.200000000000000 |   0.000000000000000 | -13.960121758769125 |
6526.07746 | 29692.035781254104222 |18319.153967022113648 |   4.200000000000001 |   0.000000000000000 | -13.546776196633934 |
6562.07746 | 29593.047705618446344 |18427.847135661060747 |   4.199999999999999 |   0.000000000000000 | -13.152129659263371 |
6598.07746 | 29496.869137825473445 |18533.433823813622439 |   4.200000000000000 |   0.000000000000000 | -12.775422414302193 |
6634.07746 | 29403.383476142142172 |18636.044207118240593 |   4.200000000000000 |   0.000000000000000 | -12.415529204180288 |
6670.07746 | 29312.473236374622502 |18735.808964652467694 |   4.200000000000000 |   0.000000000000000 | -12.071459895953886 |
6706.07746 | 29224.034067487289576 |18832.844330265503231 |   4.200000000000000 |   0.000000000000000 | -11.742261395336516 |
6742.07746 | 29137.957615657574934 |18927.270908458231133 |   4.199999999999999 |   0.000000000000000 | -11.427004448298680 |
6778.07746 | 29054.147004139329511 |19019.196480593720480 |   4.200000000000000 |   0.000000000000000 | -11.124864084148172 |
6814.07746 | 28972.513176003052649 |19108.720084499858785 |   4.199999999999999 |   0.000000000000000 | -10.835095872872481 |
6850.07746 | 28892.966431149274285 |19195.941431875249691 |   4.200000000000001 |   0.000000000000000 | -10.556962632928734 |
6886.07746 | 28815.423803752917593 |19280.952708755972708 |   4.200000000000000 |   0.000000000000000 | -10.289794588160492 |
6922.07746 | 28739.811110083475796 |19363.836310669197701 |   4.200000000000000 |   0.000000000000000 | -10.033002791593832 |
6958.07746 | 28666.053697376741184 |19444.675123919041653 |   4.200000000000001 |   0.000000000000000 |  -9.786003826482419 |
6994.07746 | 28594.080219598479744 |19523.548332464255509 |   4.200000000000000 |   0.000000000000000 |  -9.548249605436890 |
7030.07746 | 28523.828352346143220 |19600.525081894276809 |   4.200000000000001 |   0.000000000000000 |  -9.319269218289159 |
7066.07746 | 28455.235445598242222 |19675.674856322060805 |   4.199999999999999 |   0.000000000000000 |  -9.098596285432059 |
7102.07746 | 28388.239797593778349 |19749.066063518563169 |   4.200000000000000 |   0.000000000000000 |  -8.885779080209138 |
7138.07746 | 28322.788601506541454 |19820.757229192033265 |   4.200000000000001 |   0.000000000000000 |  -8.680437261296905 |
7174.07746 | 28258.828859125009330 |19890.807073853906331 |   4.200000000000000 |   0.000000000000000 |  -8.482194436690811 |
7210.07746 | 28196.306926837460196 |19959.275013064212544 |   4.200000000000000 |   0.000000000000000 |  -8.290675895150311 |
7246.07746 | 28135.177705468948261 |20026.210982551470806 |   4.200000000000001 |   0.000000000000000 |  -8.105571445893757 |
7282.07746 | 28075.396027304897871 |20091.664981114663533 |   4.200000000000000 |   0.000000000000000 |  -7.926574216726325 |
7318.07746 | 28016.915017439587245 |20155.688877717151627 |   4.200000000000000 |   0.000000000000000 |  -7.753372939294033 |
7354.07746 | 27959.695879897943087 |20218.325593320329062 |   4.200000000000001 |   0.000000000000000 |  -7.585711022855687 |
7390.07746 | 27903.687974429907626 |20279.631054066630895 |   4.199999999999999 |   0.000000000000000 |  -7.423296816389215 |
7426.07746 | 27848.860682558773988 |20339.639086021757976 |   4.199999999999998 |   0.000000000000000 |  -7.265940838845435 |
7462.07746 | 27795.181592548087792 |20398.385644109694113 |   4.200000000000000 |   0.000000000000000 |  -7.113366609722600 |
7498.07746 | 27742.612303180019808 |20455.913131134871946 |   4.199999999999999 |   0.000000000000000 |  -6.965370283520121 |
7534.07746 | 27691.126087954296963 |20512.251081977152353 |   4.199999999999999 |   0.000000000000000 |  -6.821787987723641 |
7570.07746 | 27640.691520769749332 |20567.434221706032986 |   4.200000000000000 |   0.000000000000000 |  -6.682422998098393 |
7606.07746 | 27591.271146030438103 |20621.503905268440576 |   4.200000000000000 |   0.000000000000000 |  -6.547054384534780 |
7642.07746 | 27542.842530110687221 |20674.484896368343470 |   4.200000000000000 |   0.000000000000000 |  -6.415551585624305 |
7678.07746 | 27495.379627935366443 |20726.405944293746870 |   4.199999999999999 |   0.000000000000000 |  -6.287763111088774 |
7714.07746 | 27448.854199915200297 |20777.298213953661616 |   4.199999999999999 |   0.000000000000000 |  -6.163526607127504 |
7750.07746 | 27403.233545785566093 |20827.197780433667504 |   4.200000000000000 |   0.000000000000000 |  -6.042658327854402 |
7786.07746 | 27358.502166161622881 |20876.121737249628495 |   4.200000000000000 |   0.000000000000000 |  -5.925072802233537 |
7822.07746 | 27314.635458746251970 |20924.097217796483164 |   4.200000000000000 |   0.000000000000000 |  -5.810634192222889 |
7858.07746 | 27271.608078667664813 |20971.152166592597496 |   4.200000000000000 |   0.000000000000000 |  -5.699205088408956 |
7894.07746 | 27229.395536962721962 |21017.313576868444216 |   4.200000000000000 |   0.000000000000000 |  -5.590654958653295 |
7930.07746 | 27187.983001933462219 |21062.597793434935738 |   4.200000000000000 |   0.000000000000000 |  -5.484905941006386 |
7966.07746 | 27147.349008350236545 |21107.028470057688537 |   4.200000000000000 |   0.000000000000000 |  -5.381845748095534 |
8002.07746 | 27107.470531919119821 |21150.630972316150292 |   4.200000000000000 |   0.000000000000000 |  -5.281355776439041 |
8038.07746 | 27068.330176619128906 |21193.424459121779364 |   4.200000000000001 |   0.000000000000000 |  -5.183348459828413 |
8074.07746 | 27029.912848277177545 |21235.425553307610244 |   4.200000000000000 |   0.000000000000000 |  -5.087748022330031 |
8110.07746 | 26992.200097654022102 |21276.654569969257864 |   4.199999999999999 |   0.000000000000000 |  -4.994462618657385 |
8146.07746 | 26955.171105752830044 |21317.134426686709048 |   4.199999999999999 |   0.000000000000000 |  -4.903391040687040 |
8182.07746 | 26918.813550566501362 |21356.878685138573928 |   4.200000000000000 |   0.000000000000000 |  -4.814473864576692 |
8218.07746 | 26883.112559772878740 |21395.903712554045342 |   4.200000000000000 |   0.000000000000000 |  -4.727640029470850 |
8254.07746 | 26848.052149338251184 |21434.227095333168108 |   4.199999999999999 |   0.000000000000000 |  -4.642814769174976 |
8290.07746 | 26813.613587483479932 |21471.869442562969198 |   4.200000000000000 |   0.000000000000000 |  -4.559909685202689 |
8326.07746 | 26779.788134291236929 |21508.840363464230904 |   4.200000000000000 |   0.000000000000000 |  -4.478886480171800 |
8362.07746 | 26746.561445934941730 |21545.155633125261375 |   4.200000000000000 |   0.000000000000000 |  -4.399680005031759 |
8398.07746 | 26713.918701148832042 |21580.831555758843024 |   4.200000000000000 |   0.000000000000000 |  -4.322220127903427 |
8434.07746 | 26681.845772415665124 |21615.883648956987599 |   4.200000000000001 |   0.000000000000000 |  -4.246451516239547 |
8470.07746 | 26650.333749922210700 |21650.321717306447681 |   4.200000000000000 |   0.000000000000000 |  -4.172329558829595 |
8506.07746 | 26619.369967929116683 |21684.159690785665589 |   4.199999999999999 |   0.000000000000000 |  -4.099794690742176 |
8542.07746 | 26588.940371283169952 |21717.412966513758874 |   4.200000000000000 |   0.000000000000000 |  -4.028811846936462 |
8578.07746 | 26559.035092695310595 |21750.092466856043757 |   4.200000000000000 |   0.000000000000000 |  -3.959297357789964 |
8614.07746 | 26529.644609499966464 |21782.208600496403960 |   4.200000000000000 |   0.000000000000000 |  -3.891238756356468 |
8650.07746 | 26500.757071596068272 |21813.774255947493657 |   4.200000000000000 |   0.000000000000000 |  -3.824652743024775 |
8686.07746 | 26472.359868831645144 |21844.803525352763245 |   4.200000000000000 |   0.000000000000000 |  -3.759350873968754 |
8722.07746 | 26444.447244092869369 |21875.302651910846180 |   4.200000000000000 |   0.000000000000000 |  -3.695365306100590 |
8758.07746 | 26417.009319204658823 |21905.282439053480630 |   4.199999999999999 |   0.000000000000000 |  -3.632692174183778 |
8794.07746 | 26390.029625884584675 |21934.760972823278280 |   4.200000000000000 |   0.000000000000000 |  -3.571245354022428 |
8830.07746 | 26363.508790864489129 |21963.737560460016539 |   4.200000000000001 |   0.000000000000000 |  -3.511030926951543 |
8866.07746 | 26337.422630304106860 |21992.238709375436883 |   4.200000000000000 |   0.000000000000000 |  -3.451965232969207 |
8902.07746 | 26311.775419552868698 |22020.259752048747032 |   4.200000000000000 |   0.000000000000000 |  -3.394056693452600 |
8938.07746 | 26286.555605855992326 |22047.813404393342353 |   4.200000000000000 |   0.000000000000000 |  -3.337247138715917 |
8974.07746 | 26261.758739086864807 |22074.904532850701798 |   4.199999999999999 |   0.000000000000000 |  -3.281526179487518 |
9010.07746 | 26237.372056823285675 |22101.547139194844931 |   4.200000000000000 |   0.000000000000000 |  -3.226846823433641 |
9046.07746 | 26213.390984228582965 |22127.746237666051456 |   4.199999999999999 |   0.000000000000000 |  -3.173195720522028 |
9082.07746 | 26189.808681099540991 |22153.509329452474049 |   4.200000000000001 |   0.000000000000000 |  -3.120550033148648 |
9118.07746 | 26166.614890625343833 |22178.847656925729098 |   4.200000000000001 |   0.000000000000000 |  -3.068875298047867 |
9154.07746 | 26143.806916789955721 |22203.764175549076754 |   4.200000000000000 |   0.000000000000000 |  -3.018162471831988 |
9190.07746 | 26121.371403850935167 |22228.273530998911156 |   4.199999999999999 |   0.000000000000000 |  -2.968362036662683 |
9226.07746 | 26099.309931462237728 |22252.373990917240008 |   4.200000000000000 |   0.000000000000000 |  -2.919479850156013 |
9262.07746 | 26077.606187501925888 |22276.083435436641594 |   4.200000000000000 |   0.000000000000000 |  -2.871459075586853 |
9298.07746 | 26056.263206948584411 |22299.398537008644780 |   4.200000000000000 |   0.000000000000000 |  -2.824310922892565 |
9334.07746 | 26035.266480606886034 |22322.335195246436342 |   4.200000000000001 |   0.000000000000000 |  -2.777988393028769 |
9370.07746 | 26014.616776627695799 |22344.892567659670021 |   4.199999999999999 |   0.000000000000000 |  -2.732494292420431 |
9374.96044 | 26011.841445066667802 |22347.924278954902547 |   4.200000000000000 |   0.000000000000000 |  -2.726383661811498 |
