   0.00000 | 25777.500000000000000 |22610.700000000000728 |   4.098154882891690 |   0.232052395780598 |   3.866102487111091 |   0.000000000000000 |
  36.00000 | 26125.068524416776199 |22304.130221423143666 |   4.083190791840798 |   0.232911894740993 |   3.850278897099806 |   0.270000000000000 |
  72.00000 | 26342.254278830943804 |22078.668302397312800 |   4.074505689984362 |   0.233555478979682 |   3.840950211004680 |   0.540000000000000 |
 108.00000 | 26550.642816026393120 |21854.192054485785775 |   4.066573573577157 |   0.234204750625088 |   3.832368822952070 |   0.810000000000000 |
 144.00000 | 26757.655131344061374 |21629.731869797335094 |   4.059032494854178 |   0.234861519947065 |   3.824170974907114 |   1.080000000000000 |
 180.00000 | 26964.443090880638920 |21405.271496042489161 |   4.051795121027197 |   0.235524953567018 |   3.816270167460180 |   1.350000000000001 |
 216.00000 | 27171.198735623835091 |21180.811069246024999 |   4.044828296502859 |   0.236194428801462 |   3.808633867701397 |   1.620000000000000 |
 252.00000 | 27377.956131289829500 |20956.350648786512465 |   4.038113391988283 |   0.236869432750948 |   3.801243959237335 |   1.890000000000000 |
 288.00000 | 27584.714720969248447 |20731.890229538526910 |   4.031601528875777 |   0.237548658999308 |   3.794052869876469 |   2.160000000000000 |
 324.00000 | 27791.473581258695049 |20507.429810569039546 |   4.025213219579956 |   0.238230379174570 |   3.786982840405385 |   2.430000000000000 |
 360.00000 | 27998.232587298574799 |20282.969391725251626 |   4.019051405624411 |   0.238916365261798 |   3.780135040362612 |   2.700000000000000 |
 396.00000 | 28204.991623198540765 |20058.508972896353953 |   4.013034279285630 |   0.239604653679994 |   3.773429625605635 |   2.970000000000000 |
 432.00000 | 28411.750675704643072 |19834.048554075583525 |   4.007111591695462 |   0.240294357779287 |   3.766817233916174 |   3.240000000000000 |
 468.00000 | 28618.509734974024468 |19609.588135256843088 |   4.001349867883365 |   0.240985824435561 |   3.760364043447803 |   3.510000000000000 |
 504.00000 | 28825.268799561577907 |19385.127716439688811 |   3.995714714876231 |   0.241678677044989 |   3.754036037831242 |   3.780000000000000 |
 540.00000 | 29032.027868398607097 |19160.667297623684135 |   3.990198105593845 |   0.242372505485310 |   3.747825600108535 |   4.050000000000000 |
 576.00000 | 29238.786936155574949 |18936.206878806635359 |   3.984760009452231 |   0.243065264500580 |   3.741694744951651 |   4.320000000000000 |
 612.00000 | 29445.546005809395865 |18711.746459989761206 |   3.979422786295767 |   0.243758096507423 |   3.735664689788344 |   4.590000000000000 |
 648.00000 | 29652.305076707358239 |18487.286041173068952 |   3.974183330284809 |   0.244450762436906 |   3.729732567847904 |   4.860000000000000 |
 684.00000 | 29859.064146171163884 |18262.825622356551321 |   3.969028897086241 |   0.245142281306592 |   3.723886615779648 |   5.130000000000000 |
 720.00000 | 30065.823215730833908 |18038.365203540208313 |   3.963966767102134 |   0.245833213518231 |   3.718133553583904 |   5.400000000000000 |
 756.00000 | 30272.582285297503404 |17813.904784723938064 |   3.958987784973811 |   0.246522968516187 |   3.712464816457624 |   5.670000000000001 |
 792.00000 | 30479.341354567030066 |17589.444365907376778 |   3.954060614063955 |   0.247209524967560 |   3.706851089096395 |   5.940000000000000 |
 828.00000 | 30686.100423717431113 |17364.983947090742731 |   3.949203596751554 |   0.247894066025913 |   3.701309530725641 |   6.210000000000001 |
 864.00000 | 30892.859492748721095 |17140.523528274025011 |   3.944416733036606 |   0.248576591691248 |   3.695840141345359 |   6.480000000000000 |
 900.00000 | 31099.618561660896376 |16916.063109457234532 |   3.939700022919113 |   0.249257101963563 |   3.690442920955550 |   6.750000000000001 |
 936.00000 | 31306.377630453949678 |16691.602690640364017 |   3.935053466399074 |   0.249935596842859 |   3.685117869556215 |   7.020000000000000 |
 972.00000 | 31513.136699196191330 |16467.142271823486226 |   3.930467030217150 |   0.250611238603240 |   3.679855791613910 |   7.290000000000001 |
1008.00000 | 31719.895768013262568 |16242.681853006732126 |   3.925922255852338 |   0.251282486052504 |   3.674639769799834 |   7.560000000000000 |
1044.00000 | 31926.654836780497135 |16018.221434189972570 |   3.921437458599138 |   0.251950868424172 |   3.669486590174967 |   7.830000000000001 |
1080.00000 | 32133.413905497884116 |15793.761015373205737 |   3.917012638457551 |   0.252616385718243 |   3.664396252739309 |   8.100000000000001 |
1116.00000 | 32340.172974165430787 |15569.300596556431628 |   3.912647795427578 |   0.253279037934717 |   3.659368757492861 |   8.370000000000001 |
1152.00000 | 32546.932042820131755 |15344.840177739657520 |   3.908336870818423 |   0.253938639769306 |   3.654398231049117 |   8.640000000000001 |
1188.00000 | 32753.691111527445173 |15120.379758922894325 |   3.904069147340367 |   0.254594863435061 |   3.649474283905305 |   8.910000000000000 |
1224.00000 | 32960.450180226871453 |14895.919340106131131 |   3.899854530298690 |   0.255248011884490 |   3.644606518414200 |   9.180000000000000 |
1260.00000 | 33167.209248918406956 |14671.458921289367936 |   3.895693019693390 |   0.255898085117592 |   3.639794934575798 |   9.449999999999999 |
1296.00000 | 33373.968317602069874 |14446.998502472608379 |   3.891584615524468 |   0.256545083134367 |   3.635039532390102 |   9.719999999999999 |
1332.00000 | 33580.727386290032882 |14222.538083655845185 |   3.887524210224342 |   0.257189781811261 |   3.630334428413081 |   9.990000000000000 |
1368.00000 | 33787.486455001773720 |13998.077664839083809 |   3.883503653315264 |   0.257833419264777 |   3.625670234050486 |  10.260000000000000 |
1404.00000 | 33994.245523718738696 |13773.617246022324252 |   3.879530704361975 |   0.258474816760925 |   3.621055887601050 |  10.530000000000001 |
1440.00000 | 34201.004592440949637 |13549.156827205566515 |   3.875605363364476 |   0.259113974299705 |   3.616491389064771 |  10.800000000000001 |
1476.00000 | 34407.763661168406543 |13324.696408388806958 |   3.871727630322766 |   0.259750891881116 |   3.611976738441650 |  11.070000000000000 |
1512.00000 | 34614.522729896554665 |13100.235989572047401 |   3.867895039403894 |   0.260388374117171 |   3.607506665286723 |  11.340000000000002 |
1548.00000 | 34821.281798618845642 |12875.775570755287845 |   3.864104043874405 |   0.261030455024546 |   3.603073588849858 |  11.610000000000001 |
1584.00000 | 35028.040867341725971 |12651.315151938526469 |   3.860358130526548 |   0.261673168763050 |   3.598684961763498 |  11.880000000000001 |
1620.00000 | 35234.799936065188376 |12426.854733121765094 |   3.856657299360324 |   0.262316515332683 |   3.594340784027641 |  12.150000000000000 |
1656.00000 | 35441.559004789240134 |12202.394314305001899 |   3.853001550375732 |   0.262960494733444 |   3.590041055642288 |  12.420000000000002 |
1692.00000 | 35648.318073511647526 |11977.933895488240523 |   3.849388567761334 |   0.263611388847531 |   3.585777178913803 |  12.690000000000001 |
1728.00000 | 35855.077142229572928 |11753.473476671479148 |   3.845815353434823 |   0.264277330288656 |   3.581538023146167 |  12.960000000000003 |
1764.00000 | 36061.836210945926723 |11529.013057854715953 |   3.842284959551210 |   0.264950039765205 |   3.577334919786005 |  13.230000000000002 |
1800.00000 | 36268.595279660694359 |11304.552639037954577 |   3.838797386110495 |   0.265629517277178 |   3.573167868833317 |  13.500000000000002 |
1836.00000 | 36475.354348373890389 |11080.092220221191383 |   3.835352633112678 |   0.266315762824576 |   3.569036870288102 |  13.770000000000001 |
1872.00000 | 36682.113417086584377 |10855.631801404430007 |   3.831947385505924 |   0.267020881532727 |   3.564926503973197 |  14.040000000000001 |
1908.00000 | 36888.872485799998685 |10631.171382587668631 |   3.828577788409183 |   0.267758949748117 |   3.560818838661066 |  14.310000000000000 |
1944.00000 | 37095.631554512845469 |10406.710963770905437 |   3.825247918846890 |   0.268515079953387 |   3.556732838893503 |  14.580000000000002 |
1980.00000 | 37302.390623226121534 |10182.250544954144061 |   3.821956709599597 |   0.269297936168554 |   3.552658773431043 |  14.850000000000001 |
2016.00000 | 37509.149691940438061 |9957.790126137380867 |   3.818703494358398 |   0.270112927696970 |   3.548590566661428 |  15.120000000000001 |
2052.00000 | 37715.908760655249353 |9733.329707320619491 |   3.815488875900072 |   0.270955161008912 |   3.544533714891160 |  15.390000000000001 |
2088.00000 | 37922.667829370126128 |9508.869288503858115 |   3.812309347625471 |   0.271846117001916 |   3.540463230623555 |  15.660000000000000 |
2124.00000 | 38129.426898085046560 |9284.408869687096740 |   3.809164631560890 |   0.272787498500979 |   3.536377133059911 |  15.930000000000000 |
2160.00000 | 38336.185966800127062 |9059.948450870333545 |   3.806055744209395 |   0.273773078561622 |   3.532282665647772 |  16.199999999999999 |
2196.00000 | 38542.945035515134805 |8835.488032053570350 |   3.802979019816975 |   0.274834352727347 |   3.528144667089628 |  16.469999999999999 |
2232.00000 | 38749.704104230127996 |8611.027613236808975 |   3.799935452434124 |   0.275962780283089 |   3.523972672151035 |  16.739999999999998 |
2268.00000 | 38956.463172945121187 |8386.567194420047599 |   3.796923703429244 |   0.277172200919124 |   3.519751502510120 |  17.010000000000002 |
2304.00000 | 39163.222241660085274 |8162.106775603285314 |   3.793941959370009 |   0.278480632710289 |   3.515461326659721 |  17.280000000000001 |
2340.00000 | 39369.981310375034809 |7937.646356786522119 |   3.790990241059054 |   0.279889379868522 |   3.511100861190532 |  17.550000000000004 |
2376.00000 | 39576.740379089991620 |7713.185937969759834 |   3.788066105390292 |   0.281426041869646 |   3.506640063520646 |  17.820000000000004 |
2412.00000 | 39783.499447804941155 |7488.725519152999368 |   3.785169390479658 |   0.283094081369002 |   3.502075309110655 |  18.090000000000003 |
2448.00000 | 39990.258516519897967 |7264.265100336237992 |   3.782298025293417 |   0.284919488689476 |   3.497378536603941 |  18.360000000000003 |
2484.00000 | 40197.017585234847502 |7039.804681519476617 |   3.779450535775555 |   0.286923549034475 |   3.492526986741080 |  18.630000000000003 |
2520.00000 | 40403.776653949804313 |6815.344262702715241 |   3.776625756165002 |   0.289122707514362 |   3.487503048650640 |  18.900000000000002 |
2556.00000 | 40610.535722664753848 |6590.883843885952956 |   3.773821778989668 |   0.291546804889731 |   3.482274974099937 |  19.170000000000002 |
2592.00000 | 40817.294791379703383 |6366.423425069192490 |   3.771037285982067 |   0.294216747594185 |   3.476820538387882 |  19.440000000000001 |
2628.00000 | 41024.053860094652919 |6141.963006252430205 |   3.768270487770618 |   0.297160707386318 |   3.471109780384300 |  19.710000000000001 |
2664.00000 | 41230.812928809609730 |5917.502587435667920 |   3.765518421259819 |   0.300429496618592 |   3.465088924641226 |  19.980000000000000 |
2700.00000 | 41437.571997524559265 |5693.042168618905635 |   3.762779880238887 |   0.304045344499888 |   3.458734535738999 |  20.250000000000000 |
2736.00000 | 41644.331066239508800 |5468.581749802143349 |   3.760052410422460 |   0.308052698267704 |   3.451999712154756 |  20.520000000000000 |
2772.00000 | 41851.090134954465611 |5244.121330985381064 |   3.757333729221652 |   0.312494746719897 |   3.444838982501754 |  20.790000000000003 |
2808.00000 | 42057.849203669422423 |5019.660912168619689 |   3.754620384972020 |   0.317438205369561 |   3.437182179602459 |  21.060000000000002 |
2844.00000 | 42264.608272384371958 |4795.200493351856494 |   3.751909421839275 |   0.322942933644268 |   3.428966488195007 |  21.330000000000002 |
2880.00000 | 42471.367341099321493 |4570.740074535095118 |   3.749198574399073 |   0.329056045709257 |   3.420142528689815 |  21.600000000000001 |
2916.00000 | 42678.126409814263752 |4346.279655718334652 |   3.746484953258601 |   0.335837989652306 |   3.410646963606295 |  21.870000000000001 |
2952.00000 | 42884.885478529213287 |4121.819236901573277 |   3.743763710779891 |   0.343390371504894 |   3.400373339274997 |  22.139999999999997 |
2988.00000 | 43091.644547244170099 |3897.358818084811901 |   3.741030951368156 |   0.351796471703362 |   3.389234479664795 |  22.409999999999997 |
3024.00000 | 43298.403615959126910 |3672.898399268050071 |   3.738283406844688 |   0.361127167397503 |   3.377156239447184 |  22.679999999999993 |
3060.00000 | 43505.162684674076445 |3448.437980451288695 |   3.735516035997149 |   0.371490204119184 |   3.364025831877965 |  22.949999999999992 |
3096.00000 | 43711.921753389033256 |3223.977561634528229 |   3.732723642134843 |   0.382996217938482 |   3.349727424196360 |  23.219999999999988 |
3132.00000 | 43918.680822103982791 |2999.517142817766398 |   3.729900545133680 |   0.395764599567593 |   3.334135945566087 |  23.489999999999984 |
3168.00000 | 44125.439890818932327 |2775.056724001005023 |   3.727040767653402 |   0.409918935688225 |   3.317121831965177 |  23.759999999999980 |
3204.00000 | 44332.198959533881862 |2550.596305184243192 |   3.724137586877017 |   0.425596320435344 |   3.298541266441673 |  24.029999999999980 |
3240.00000 | 44538.958028248845949 |2326.135886367479543 |   3.721183639271521 |   0.442946655632382 |   3.278236983639138 |  24.299999999999983 |
3276.00000 | 44745.717096963795484 |2101.675467550716348 |   3.718170769425962 |   0.462141696134043 |   3.256029073291919 |  24.569999999999986 |
3312.00000 | 44952.476165678752295 |1877.215048733953381 |   3.715089853783900 |   0.483395908816034 |   3.231693944967866 |  24.839999999999989 |
3348.00000 | 45159.235234393694554 |1652.754629917191778 |   3.711930063237886 |   0.507037224992430 |   3.204892838245456 |  25.109999999999989 |
3384.00000 | 45365.994303108651366 |1428.294211100430857 |   3.708680618491646 |   0.533600599730913 |   3.175080018760733 |  25.379999999999985 |
3420.00000 | 45572.753371823600901 |1203.833792283667435 |   3.705328333470657 |   0.564294037148135 |   3.141034296322522 |  25.649999999999988 |
3456.00000 | 45779.512440538550436 | 979.373373466904923 |   3.701858930811659 |   0.602201895792222 |   3.099657035019437 |  25.919999999999991 |
3492.00000 | 45986.271509253507247 | 754.912954650141842 |   3.698255693544287 |   0.657127432750249 |   3.041128260794037 |  26.189999999999991 |
3508.71684 | 46082.281478953424084 | 650.683243501952916 |   3.696531878916525 |   0.696531878916639 |   2.999999999999886 |  26.315376323176974 |
3544.71684 | 45618.141845272759383 |1015.438374843772067 |   4.023991857274633 |   0.225325354510863 |   3.798666502763770 |   0.000000000000000 |
3580.71684 | 45388.356025779452466 |1242.450574706238285 |   4.026053696292442 |   0.198529167321935 |   3.827524528970507 |   0.000000000000000 |
3616.71684 | 45177.894283521913167 |1466.975476662116080 |   4.027892534900113 |   0.176808270111012 |   3.851084264789101 |   0.000000000000000 |
3652.71684 | 44970.555688803528028 |1691.436734561056483 |   4.029667614862920 |   0.157708582942667 |   3.871959031920253 |   0.000000000000000 |
3688.71684 | 44763.706759361230070 |1915.897110581716788 |   4.031410770784725 |   0.140494859028871 |   3.890915911755854 |   0.000000000000000 |
3724.71684 | 44556.941904539824463 |2140.357527481176476 |   4.033132777563766 |   0.124879910963954 |   3.908252866599812 |   0.000000000000000 |
3760.71684 | 44350.184129266024684 |2364.817946963657050 |   4.034840775881859 |   0.110715489373623 |   3.924125286508236 |   0.000000000000000 |
3796.71684 | 44143.425521354729426 |2589.278365829965878 |   4.036540677841207 |   0.097897531966234 |   3.938643145874972 |   0.000000000000000 |
3832.71684 | 43936.666522603518388 |2813.738784638360357 |   4.038237597265399 |   0.086336037720937 |   3.951901559544461 |   0.000000000000000 |
3868.71684 | 43729.907455977205245 |3038.199203454215422 |   4.039936177484505 |   0.075942444176193 |   3.963993733308312 |   0.000000000000000 |
3904.71684 | 43523.148385809960018 |3262.659622271067292 |   4.041640668596482 |   0.066627213810521 |   3.975013454785961 |   0.000000000000000 |
3940.71684 | 43316.389316672735731 |3487.120041087845493 |   4.043354820812734 |   0.058303980683359 |   3.985050840129375 |   0.000000000000000 |
3976.71684 | 43109.630247906490695 |3711.580459904606869 |   4.045082066869350 |   0.050887984927838 |   3.994194081941512 |   0.000000000000000 |
4012.71684 | 42902.871179191693955 |3936.040878721368244 |   4.046825566473818 |   0.044296817163559 |   4.002528749310260 |   0.000000000000000 |
4048.71684 | 42696.112110478374234 |4160.501297538130530 |   4.048588155905366 |   0.038453510032435 |   4.010134645872931 |   0.000000000000000 |
4084.71684 | 42489.353041763773945 |4384.961716354891905 |   4.050372429319607 |   0.033285792655592 |   4.017086636664015 |   0.000000000000000 |
4120.71684 | 42282.593973048875341 |4609.422135171646005 |   4.052180791002540 |   0.028725595762402 |   4.023455195240137 |   0.000000000000000 |
4156.71684 | 42075.834904333925806 |4833.882553988401924 |   4.054015432125299 |   0.024710434051443 |   4.029304998073856 |   0.000000000000000 |
4192.71684 | 41869.075835618976271 |5058.342972805158752 |   4.055878354715206 |   0.021183243176262 |   4.034695111538944 |   0.000000000000000 |
4228.71684 | 41662.316766904019460 |5282.803391621912851 |   4.057771424465100 |   0.018091210099277 |   4.039680214365823 |   0.000000000000000 |
4264.71684 | 41455.557698189084476 |5507.263810438669680 |   4.059696364287646 |   0.015386177574827 |   4.044310186712820 |   0.000000000000000 |
4300.71684 | 41248.798629474134941 |5731.724229255425598 |   4.061654746363807 |   0.013024962281295 |   4.048629784082512 |   0.000000000000000 |
4336.71684 | 41042.039560759185406 |5956.184648072182426 |   4.063648043583353 |   0.010967971257869 |   4.052680072325483 |   0.000000000000000 |
4372.71684 | 40835.280492044235871 |6180.645066888944712 |   4.065677645220444 |   0.009178830124021 |   4.056498815096423 |   0.000000000000000 |
4408.71684 | 40628.521423329279060 |6405.105485705706997 |   4.067744782079958 |   0.007626240008894 |   4.060118542071065 |   0.000000000000000 |
4444.71684 | 40421.762354614336800 |6629.565904522468372 |   4.069850631526192 |   0.006281169804649 |   4.063569461721543 |   0.000000000000000 |
4480.71684 | 40215.003285899379989 |6854.026323339231567 |   4.071996287278479 |   0.005117574368460 |   4.066878712910018 |   0.000000000000000 |
4516.71684 | 40008.244217184430454 |7078.486742155992943 |   4.074182768822500 |   0.004112065580823 |   4.070070703241677 |   0.000000000000000 |
4552.71684 | 39801.485148469473643 |7302.947160972756137 |   4.076411027330631 |   0.003243672584635 |   4.073167354745996 |   0.000000000000000 |
4588.71684 | 39594.726079754516832 |7527.407579789517513 |   4.078681995030013 |   0.002492727308385 |   4.076189267721628 |   0.000000000000000 |
4624.71684 | 39387.967011039560020 |7751.867998606279798 |   4.080996469104353 |   0.001843184322071 |   4.079153284782281 |   0.000000000000000 |
4660.71684 | 39181.207942324610485 |7976.328417423042083 |   4.083355220416145 |   0.001280178904845 |   4.082075041511300 |   0.000000000000000 |
4696.71684 | 38974.448873609660950 |8200.788836239804368 |   4.085758974346872 |   0.000790374629118 |   4.084968599717755 |   0.000000000000000 |
4732.71684 | 38767.689804894704139 |8425.249255056565744 |   4.088208410532494 |   0.000361887699030 |   4.087846522833464 |   0.000000000000000 |
4768.71684 | 38560.930736179754604 |8649.709673873330757 |   4.090704166279430 |  -0.000015858019727 |   4.090720024299157 |   0.000000000000000 |
4804.71684 | 38354.171667464805068 |8874.170092690090314 |   4.093246857056235 |  -0.000352519574924 |   4.093599376631158 |   0.000000000000000 |
4840.71684 | 38147.412598749848257 |9098.630511506851690 |   4.095837045415397 |  -0.000656411097003 |   4.096493456512401 |   0.000000000000000 |
4876.71684 | 37940.653530034905998 |9323.090930323614884 |   4.098475246616234 |  -0.000934712887205 |   4.099409959503439 |   0.000000000000000 |
4912.71684 | 37733.894461319949187 |9547.551349140378079 |   4.101161957819489 |  -0.001193955058876 |   4.102355912878364 |   0.000000000000000 |
4948.71684 | 37527.135392604992376 |9772.011767957139455 |   4.103897648249724 |  -0.001439912597862 |   4.105337560847586 |   0.000000000000000 |
4984.71684 | 37320.376323890042841 |9996.472186773902649 |   4.106682761679630 |  -0.001677685020146 |   4.108360446699776 |   0.000000000000000 |
5020.71684 | 37113.617255175086029 |10220.932605590664025 |   4.109517723142055 |  -0.001911810336362 |   4.111429533478417 |   0.000000000000000 |
5056.71684 | 36906.858186460136494 |10445.393024407427220 |   4.112409449609382 |  -0.002146981515296 |   4.114556431124678 |   0.000000000000000 |
5092.71684 | 36700.099117745179683 |10669.853443224188595 |   4.115355509764968 |  -0.002386640105747 |   4.117742149870716 |   0.000000000000000 |
5128.71684 | 36493.340049030237424 |10894.313862040951790 |   4.118340125901150 |  -0.002632545836679 |   4.120972671737829 |   0.000000000000000 |
5164.71684 | 36286.580980315280613 |11118.774280857713165 |   4.121374654101445 |  -0.002886538709251 |   4.124261192810696 |   0.000000000000000 |
5200.71684 | 36079.821911600331077 |11343.234699674472722 |   4.124463990757970 |  -0.003153340243574 |   4.127617331001544 |   0.000000000000000 |
5236.71684 | 35873.062842885381542 |11567.695118491235917 |   4.127600530182407 |  -0.003432333077935 |   4.131032863260342 |   0.000000000000000 |
5272.71684 | 35666.303774170424731 |11792.155537307997292 |   4.130792695359322 |  -0.003727521844650 |   4.134520217203971 |   0.000000000000000 |
5308.71684 | 35459.544705455467920 |12016.615956124756849 |   4.134041463707058 |  -0.004040919876364 |   4.138082383583423 |   0.000000000000000 |
5344.71684 | 35252.785636740525661 |12241.076374941518225 |   4.137341091144104 |  -0.004372113594449 |   4.141713204738553 |   0.000000000000000 |
5380.71684 | 35046.026568025576125 |12465.536793758277781 |   4.140693152046682 |  -0.004722490267984 |   4.145415642314666 |   0.000000000000000 |
5416.71684 | 34839.267499310619314 |12689.997212575042795 |   4.144095120861637 |  -0.005091930515536 |   4.149187051377173 |   0.000000000000000 |
5452.71684 | 34632.508430595669779 |12914.457631391804171 |   4.147557770838477 |  -0.005485107026023 |   4.153042877864499 |   0.000000000000000 |
5488.71684 | 34425.749361880712968 |13138.918050208567365 |   4.151073934417538 |  -0.005900188632599 |   4.156974123050137 |   0.000000000000000 |
5524.71684 | 34218.990293165763433 |13363.378469025326922 |   4.154643391260120 |  -0.006337219080292 |   4.160980610340411 |   0.000000000000000 |
5560.71684 | 34012.231224450806621 |13587.838887842088297 |   4.158269255339017 |  -0.006798141726458 |   4.165067397065475 |   0.000000000000000 |
5596.71684 | 33805.472155735857086 |13812.299306658849673 |   4.161950725770655 |  -0.007282395820305 |   4.169233121590961 |   0.000000000000000 |
5632.71684 | 33598.713087020900275 |14036.759725475612868 |   4.165687798465560 |  -0.007789978498527 |   4.173477776964086 |   0.000000000000000 |
5668.71684 | 33391.954018305950740 |14261.220144292376062 |   4.169481514214649 |  -0.008321657945026 |   4.177803172159675 |   0.000000000000000 |
5704.71684 | 33185.194949590993929 |14485.680563109139257 |   4.173333251756973 |  -0.008878451775468 |   4.182211703532441 |   0.000000000000000 |
5740.71684 | 32978.435880876044394 |14710.140981925900633 |   4.177241872124853 |  -0.009459519343935 |   4.186701391468788 |   0.000000000000000 |
5776.71684 | 32771.676812161094858 |14934.601400742663827 |   4.181208022231409 |  -0.010065028386850 |   4.191273050618258 |   0.000000000000000 |
5812.71684 | 32564.917743446141685 |15159.061819559425203 |   4.185235391981592 |  -0.010695935650077 |   4.195931327631668 |   0.000000000000000 |
5843.64255 | 32387.301908246376115 |15351.883953094915341 |   4.188742251951719 |  -0.011257748048282 |   4.200000000000000 |   0.000000000000000 |