   0.00000 | 25777.500000000000000 |22610.700000000000728 |   4.098154882891690 |   0.232052395780598 |   3.866102487111091 |
  36.00000 | 26125.070365202522225 |22304.128648779664218 |   4.083190695499007 |   0.232911898893091 |   3.850278796605916 |
  72.00000 | 26342.250132274337375 |22078.668509597191587 |   4.074505818862798 |   0.233555478282648 |   3.840950340580150 |
 108.00000 | 26550.646671780417819 |21854.192059056400467 |   4.066573470376258 |   0.234204750593905 |   3.832368719782353 |
 144.00000 | 26757.650538707934174 |21629.731858902629028 |   4.059032649880206 |   0.234861519647914 |   3.824171130232292 |
 180.00000 | 26964.438367169626872 |21405.271491879950190 |   4.051805507598467 |   0.235525183352194 |   3.816280324246273 |
 216.00000 | 27171.196718479855917 |21180.811068500519468 |   4.044863515610310 |   0.236195202816751 |   3.808668312793559 |
 252.00000 | 27377.955495400063228 |20956.350648507461301 |   4.038110816294711 |   0.236869361031394 |   3.801241455263317 |
 288.00000 | 27584.714454754033795 |20731.890229418324452 |   4.031556083743598 |   0.237547741627778 |   3.794008342115820 |
 324.00000 | 27791.473487151921290 |20507.429810547331726 |   4.025210927014503 |   0.238230354314090 |   3.786980572700413 |
 360.00000 | 27998.232531406149064 |20282.969391697639367 |   4.019013417307478 |   0.238915568457438 |   3.780097848850039 |
 396.00000 | 28204.991589589724754 |20058.508972872979939 |   4.012989369825606 |   0.239603838907102 |   3.773385530918504 |
 432.00000 | 28411.750656525833620 |19834.048554061078903 |   4.007108893892401 |   0.240294224170134 |   3.766814669722267 |
 468.00000 | 28618.509724434210511 |19609.588135242494900 |   4.001338818274963 |   0.240985375337618 |   3.760353442937345 |
 504.00000 | 28825.268797687836923 |19385.127716428160056 |   3.995697787238559 |   0.241678050579013 |   3.754019736659546 |
 540.00000 | 29032.027868477183802 |19160.667297614148993 |   3.990167522600968 |   0.242371169209957 |   3.747796353391011 |
 576.00000 | 29238.786938936191291 |18936.206878801534913 |   3.984753018859497 |   0.243065026526508 |   3.741687992332989 |
 612.00000 | 29445.546009313693503 |18711.746459989033610 |   3.979437444744799 |   0.243758748071762 |   3.735678696673037 |
 648.00000 | 29652.305079110436054 |18487.286041174262209 |   3.974193234100930 |   0.244450886957316 |   3.729742347143614 |
 684.00000 | 29859.064148620011110 |18262.825622358621331 |   3.969036597836859 |   0.245142294059013 |   3.723894303777846 |
 720.00000 | 30065.823217842425947 |18038.365203542107338 |   3.963967535952585 |   0.245832969376854 |   3.718134566575731 |
 756.00000 | 30272.582286777673289 |17813.904784724731144 |   3.958986048448109 |   0.246522912910839 |   3.712463135537269 |
 792.00000 | 30479.341355629374448 |17589.444365907394968 |   3.954072921809842 |   0.247210656513540 |   3.706862265296302 |
 828.00000 | 30686.100424550229945 |17364.983947090804577 |   3.949213745480208 |   0.247895099042112 |   3.701318646438096 |
 864.00000 | 30892.859493346568343 |17140.523528274075943 |   3.944426795932862 |   0.248577637042671 |   3.695849158890191 |
 900.00000 | 31099.618562018389639 |16916.063109457212704 |   3.939712073167804 |   0.249258270515216 |   3.690453802652588 |
 936.00000 | 31306.377630589940964 |16691.602690640243964 |   3.935067058293059 |   0.249936798267427 |   3.685130260025632 |
 972.00000 | 31513.136699300375767 |16467.142271823460760 |   3.930466913654865 |   0.250611236432887 |   3.679855677221978 |
1008.00000 | 31719.895767989641172 |16242.681853006672100 |   3.925928262413696 |   0.251282912758979 |   3.674645349654716 |
1044.00000 | 31926.654836657733540 |16018.221434189874344 |   3.921451104569551 |   0.251951827245705 |   3.669499277323846 |
1080.00000 | 32133.413905304649234 |15793.761015373067494 |   3.917035440122430 |   0.252617979893063 |   3.664417460229368 |
1116.00000 | 32340.172973989418097 |15569.300596556293385 |   3.912665653172262 |   0.253280488365018 |   3.659385164807244 |
1152.00000 | 32546.932042699805606 |15344.840177739542924 |   3.908344976187130 |   0.253939535303818 |   3.654405440883313 |
1188.00000 | 32753.691111419902882 |15120.379758922805195 |   3.904077622345853 |   0.254595358764231 |   3.649482263581622 |
1224.00000 | 32960.450180149702646 |14895.919340106078380 |   3.899863591648429 |   0.255247958746257 |   3.644615632902171 |
1260.00000 | 33167.209248881619715 |14671.458921289349746 |   3.895699508497615 |   0.255897767703859 |   3.639801740793756 |
1296.00000 | 33373.968317605809716 |14446.998502472604741 |   3.891580997790025 |   0.256545346139563 |   3.635035651650461 |
1332.00000 | 33580.727386331556772 |14222.538083655856099 |   3.887512186682289 |   0.257190165315756 |   3.630322021366533 |
1368.00000 | 33787.486455058846332 |13998.077664839105637 |   3.883493075174409 |   0.257832225232438 |   3.625660849941971 |
1404.00000 | 33994.245523787401908 |13773.617246022351537 |   3.879523452438052 |   0.258471651632585 |   3.621051800805467 |
1440.00000 | 34201.004592507364578 |13549.156827205591981 |   3.875596485504691 |   0.259112519859316 |   3.616483965645375 |
1476.00000 | 34407.763661225035321 |13324.696408388830605 |   3.871716545260292 |   0.259752223013452 |   3.611964322246840 |
1512.00000 | 34614.522729940406862 |13100.235989572065591 |   3.867883631704855 |   0.260390761094991 |   3.607492870609864 |
1548.00000 | 34821.281798653486476 |12875.775570755295121 |   3.864097744838381 |   0.261028134103935 |   3.603069610734447 |
1584.00000 | 35028.040867367119063 |12651.315151938528288 |   3.860354353764260 |   0.261670139200020 |   3.598684214564239 |
1620.00000 | 35234.799936081195483 |12426.854733121765094 |   3.856653628338695 |   0.262316559056827 |   3.594337069281868 |
1656.00000 | 35441.559004794646171 |12202.394314305001899 |   3.852997281380527 |   0.262965202168946 |   3.590032079211581 |
1692.00000 | 35648.318073507456575 |11977.933895488236885 |   3.849385312889757 |   0.263616068536377 |   3.585769244353379 |
1728.00000 | 35855.077142220339738 |11753.473476671473691 |   3.845815908023034 |   0.264273992697508 |   3.581541915325526 |
1764.00000 | 36061.836210934663541 |11529.013057854710496 |   3.842285490475992 |   0.264948501524586 |   3.577336988951406 |
1800.00000 | 36268.595279649285658 |11304.552639037949120 |   3.838797050418567 |   0.265631629541502 |   3.573165420877065 |
1836.00000 | 36475.354348364198813 |11080.092220221187745 |   3.835350587850761 |   0.266323376748257 |   3.569027211102504 |
1872.00000 | 36682.113417079403007 |10855.631801404428188 |   3.831946102772573 |   0.267023743144849 |   3.564922359627723 |
1908.00000 | 36888.872485794461682 |10631.171382587666812 |   3.828577137200178 |   0.267761658472265 |   3.560815478727913 |
1944.00000 | 37095.631554509629495 |10406.710963770903618 |   3.825247457889886 |   0.268520248844266 |   3.556727209045619 |
1980.00000 | 37302.390623224928277 |10182.250544954142242 |   3.821957245891295 |   0.269298703215467 |   3.552658542675827 |
2016.00000 | 37509.149691940277989 |9957.790126137380867 |   3.818705610242263 |   0.270102893809306 |   3.548602716432957 |
2052.00000 | 37715.908760655373044 |9733.329707320617672 |   3.815488904514709 |   0.270956853791107 |   3.544532050723602 |
2088.00000 | 37922.667829370417167 |9508.869288503856296 |   3.812309570619174 |   0.271844488824598 |   3.540465081794576 |
2124.00000 | 38129.426898085410357 |9284.408869687094921 |   3.809166913353756 |   0.272770987396508 |   3.536395925957248 |
2160.00000 | 38336.185966800374445 |9059.948450870333545 |   3.806055836898324 |   0.273774381041456 |   3.532281455856868 |
2196.00000 | 38542.945035515302152 |8835.488032053570350 |   3.802979156774123 |   0.274833656734853 |   3.528145500039270 |
2232.00000 | 38749.704104230222583 |8611.027613236808975 |   3.799935630644150 |   0.275961021933158 |   3.523974608710992 |
2268.00000 | 38956.463172945157567 |8386.567194420047599 |   3.796923076225152 |   0.277177920196131 |   3.519745156029022 |
2304.00000 | 39163.222241660092550 |8162.106775603287133 |   3.793942435258646 |   0.278475373310005 |   3.515467061948641 |
2340.00000 | 39369.981310375034809 |7937.646356786524848 |   3.790989801565464 |   0.279894315841718 |   3.511095485723746 |
2376.00000 | 39576.740379089977068 |7713.185937969764382 |   3.788066522793278 |   0.281421060586924 |   3.506645462206354 |
2412.00000 | 39783.499447804941155 |7488.725519153003006 |   3.785169102136495 |   0.283097745441945 |   3.502071356694550 |
2448.00000 | 39990.258516519897967 |7264.265100336241630 |   3.782298024391968 |   0.284919564475591 |   3.497378459916377 |
2484.00000 | 40197.017585234847502 |7039.804681519479345 |   3.779450344473321 |   0.286925896861806 |   3.492524447611515 |
2520.00000 | 40403.776653949797037 |6815.344262702717970 |   3.776625523247999 |   0.289126138016544 |   3.487499385231455 |
2556.00000 | 40610.535722664753848 |6590.883843885955685 |   3.773822104114414 |   0.291541955131985 |   3.482280148982429 |
2592.00000 | 40817.294791379710659 |6366.423425069193399 |   3.771037609871041 |   0.294211598672322 |   3.476826011198719 |
2628.00000 | 41024.053860094660195 |6141.963006252431114 |   3.768270465050298 |   0.297161495273517 |   3.471108969776781 |
2664.00000 | 41230.812928809602454 |5917.502587435668829 |   3.765518633281019 |   0.300425831897935 |   3.465092801383085 |
2700.00000 | 41437.571997524551989 |5693.042168618906544 |   3.762780602197761 |   0.304032334082921 |   3.458748268114840 |
2736.00000 | 41644.331066239516076 |5468.581749802144259 |   3.760052858551925 |   0.308044670386210 |   3.452008188165715 |
2772.00000 | 41851.090134954472887 |5244.121330985380155 |   3.757333434312212 |   0.312500615683713 |   3.444832818628499 |
2808.00000 | 42057.849203669422423 |5019.660912168618779 |   3.754619681796491 |   0.317451674662162 |   3.437168007134330 |
2844.00000 | 42264.608272384371958 |4795.200493351857403 |   3.751909474534310 |   0.322941683760580 |   3.428967790773729 |
2880.00000 | 42471.367341099321493 |4570.740074535096028 |   3.749199379968272 |   0.329039978005772 |   3.420159401962500 |
2916.00000 | 42678.126409814278304 |4346.279655718333743 |   3.746484601471852 |   0.335845343009815 |   3.410639258462037 |
2952.00000 | 42884.885478529235115 |4121.819236901571458 |   3.743763146667115 |   0.343402085573939 |   3.400361061093176 |
2988.00000 | 43091.644547244184650 |3897.358818084809627 |   3.741030898769409 |   0.351797601858750 |   3.389233296910659 |
3024.00000 | 43298.403615959134186 |3672.898399268047342 |   3.738283337084020 |   0.361128665316127 |   3.377154671767893 |
3060.00000 | 43505.162684674083721 |3448.437980451284602 |   3.735515846088741 |   0.371494235816850 |   3.364021610271891 |
3096.00000 | 43711.921753389033256 |3223.977561634522772 |   3.732723349652095 |   0.383002357539651 |   3.349720992112444 |
3132.00000 | 43918.680822103990067 |2999.517142817760487 |   3.729900287926927 |   0.395769919898338 |   3.334130368028589 |
3168.00000 | 44125.439890818939602 |2775.056724000999111 |   3.727040651351528 |   0.409921311777063 |   3.317119339574465 |
3204.00000 | 44332.198959533896414 |2550.596305184238645 |   3.724137789519350 |   0.425592184721020 |   3.298545604798330 |
3240.00000 | 44538.958028248845949 |2326.135886367476814 |   3.721184140881723 |   0.442936237190392 |   3.278247903691331 |
3276.00000 | 44745.717096963795484 |2101.675467550717258 |   3.718171138649390 |   0.462133566600097 |   3.256037572049293 |
3312.00000 | 44952.476165678745019 |1877.215048733956792 |   3.715089795806882 |   0.483398315507252 |   3.231691480299630 |
3348.00000 | 45159.235234393694554 |1652.754629917195871 |   3.711929928354568 |   0.507042999911801 |   3.204886928442767 |
3384.00000 | 45365.994303108651366 |1428.294211100434495 |   3.708680707885812 |   0.533595484901483 |   3.175085222984329 |
3420.00000 | 45572.753371823600901 |1203.833792283671755 |   3.705328400080644 |   0.564282718886524 |   3.141045681194120 |
3456.00000 | 45779.512440538550436 | 979.373373466910266 |   3.701858929524358 |   0.602194136519962 |   3.099664793004395 |
3492.00000 | 45986.271509253507247 | 754.912954650146617 |   3.698255689615636 |   0.657135601496314 |   3.041120088119322 |
3528.00000 | 46193.030577968464058 | 530.452535833382740 |   3.694499915374684 |   0.768327030881966 |   2.926172884492718 |
3564.00000 | 46399.789646683420870 | 305.992117016617442 |   3.690570074557797 |   1.182545232659950 |   2.508024841897847 |
3600.00000 | 46606.548715398363129 |  81.531698199861836 |   3.686441363641844 |   8.444807387241434 |  -4.758366023599590 |