,,Global Time,Time,Pack Voltage,Pack Current,String 1 Iapp,String 2 Iapp,String 3 Iapp,String 4 Iapp,"Cell 1,1 Cathode Concentration","Cell 1,1 Anode Concentration","Cell 1,1 Anode SEI Length","Cell 1,1 Voltage","Cell 1,1 Capacity by Area","Cell 1,2 Cathode Concentration","Cell 1,2 Anode Concentration","Cell 1,2 Anode SEI Length","Cell 1,2 Voltage","Cell 1,2 Capacity by Area","Cell 1,3 Cathode Concentration","Cell 1,3 Anode Concentration","Cell 1,3 Anode SEI Length","Cell 1,3 Voltage","Cell 1,3 Capacity by Area","Cell 1,4 Cathode Concentration","Cell 1,4 Anode Concentration","Cell 1,4 Anode SEI Length","Cell 1,4 Voltage","Cell 1,4 Capacity by Area","Cell 2,1 Cathode Concentration","Cell 2,1 Anode Concentration","Cell 2,1 Anode SEI Length","Cell 2,1 Voltage","Cell 2,1 Capacity by Area","Cell 2,2 Cathode Concentration","Cell 2,2 Anode Concentration","Cell 2,2 Anode SEI Length","Cell 2,2 Voltage","Cell 2,2 Capacity by Area","Cell 2,3 Cathode Concentration","Cell 2,3 Anode Concentration","Cell 2,3 Anode SEI Length","Cell 2,3 Voltage","Cell 2,3 Capacity by Area","Cell 2,4 Cathode Concentration","Cell 2,4 Anode Concentration","Cell 2,4 Anode SEI Length","Cell 2,4 Voltage","Cell 2,4 Capacity by Area"
CC-discharge,0,1222834.6470642623,0.0,7.729691985155567,-53.2,-13.33566303569221,-13.298408391757896,-13.294947867831706,-13.270980704718196,27541.828385474433,20045.473171202764,8.545034357836368e-09,3.864010931980594,0.0,27548.20932393176,20029.108720487333,8.544006264871887e-09,3.864235315310836,0.0,27621.78577595257,20521.171583063664,8.62499145570076e-09,3.8648071251394605,0.0,27631.249493776744,20527.20353370223,8.631875220714724e-09,3.864088988581063,0.0,27526.399821243605,20077.21473407228,8.558941508316446e-09,3.865681053174973,0.0,27516.228433061293,19999.87422002046,8.531331169099538e-09,3.865456669844731,0.0,27618.69603664806,20517.6421849804,8.623179820344692e-09,3.8648848600161068,0.0,27600.817967091887,20518.579188048032,8.627454058757924e-09,3.865602996574504,0.0
CC-discharge,1,1222907.3743369896,72.72727272727273,7.711066569852514,-53.2,-13.321078768203346,-13.290218927737913,-13.309544719406501,-13.279157584652243,27821.036666457676,19783.02871062955,8.545034357835326e-09,3.8546648721225214,0.26926001822116724,27826.936213923997,19768.550432884946,8.544006264874687e-09,3.8548695698371143,0.2685719931262203,27896.486707235177,20263.267697372827,8.624991455902608e-09,3.855489941846259,0.2687322483559415,27909.519390465935,20270.472925123242,8.631875221093803e-09,3.854726355119565,0.2681832150441459,27803.166502968543,19818.21128657216,8.558941508316822e-09,3.8564016977299924,0.26926001822116724,27789.921219476728,19736.19080497889,8.531331169068187e-09,3.8561970000154,0.2685719931262203,27892.93676035446,20259.27022641492,8.623179820467745e-09,3.855576628006256,0.2687322483559415,27874.519728881813,20260.706424384567,8.627454058877888e-09,3.8563402147329495,0.2681832150441459
CC-discharge,2,1222980.101609717,145.45454545454547,7.697538796809655,-53.2,-13.311982692809789,-13.285110007810296,-13.318661208485997,-13.284246090893925,28028.136630823647,19560.55694597276,8.545034357834977e-09,3.8478767660624342,0.5382808410596838,28033.763603416086,19547.596493425008,8.544006264874277e-09,3.848068972831526,0.5370096591418588,28100.626621579555,20044.27558956717,8.624991455938837e-09,3.84872299104513,0.5377040254053607,28116.226219592987,20052.557846200372,8.631875221157875e-09,3.847927434919469,0.5365004238880466,28008.455435377215,19598.656437170546,8.558941508316767e-09,3.849662030747221,0.5382808410596838,27993.013086712308,19512.586751316096,8.531331169095224e-09,3.849469823978128,0.5370096591418588,28096.73467827928,20039.880667188696,8.623179820492422e-09,3.848815805764526,0.5377040254053607,28077.833216898292,20041.821874712445,8.627454058879657e-09,3.8496113618901857,0.5365004238880466
CC-discharge,3,1223052.8288824442,218.1818181818182,7.6843525970586,-53.2,-13.304142793947632,-13.280776745623633,-13.32651623147576,-13.288564228952982,28234.192901586022,19338.250249127148,8.545034357834499e-09,3.8412602251718315,0.8071305934511729,28239.611457875304,19326.738129985762,8.544006264875677e-09,3.841440679924421,0.8053519495805854,28304.016454868994,19825.140182751,8.624991456048936e-09,3.8421269563680496,0.8068472318696208,28322.110279656008,19834.568180251626,8.63187522123738e-09,3.8413006112788204,0.8049126493410457,28212.70980099547,19379.264491310005,8.558941508316332e-09,3.8430923718867684,0.8071305934511729,28195.143110357552,19289.079420010785,8.531331169113185e-09,3.8429119171341783,0.8053519495805854,28299.783771762923,19820.34754887768,8.623179820495552e-09,3.84222564069055,0.8068472318696208,28280.33744259456,19822.862406188575,8.627454058875372e-09,3.8430519857797805,0.8049126493410457
CC-discharge,4,1223125.5561551715,290.90909090909093,7.671436648421116,-53.2,-13.297273271619241,-13.277052947305734,-13.333393995360122,-13.292279785714904,28440.122338901416,19116.061230989722,8.545034357836109e-09,3.8347794392655543,1.0758317658306362,28445.381121434068,19105.943557812545,8.544006264875496e-09,3.834948708738809,1.073612855569771,28507.49081037487,19605.88907667551,8.624991455984128e-09,3.8356661494753084,1.0761392543629127,28528.03126146253,19616.51602225237,8.63187522141833e-09,3.8348099558470365,1.07340602322658,28416.838442290013,19159.988681225226,8.558941508317303e-09,3.836657209155561,1.0758317658306362,28397.19635531281,19065.63664507952,8.531331169089786e-09,3.836487939682305,1.073612855569771,28502.917245862776,19600.69852132238,8.623179820497502e-09,3.835770498945805,1.0761392543629127,28482.877983919043,19603.840167596518,8.627454058890671e-09,3.836626692574077,1.07340602322658
CC-discharge,5,1223198.2834278988,363.6363636363637,7.6587668229028845,-53.2,-13.29123003592234,-13.273847436354645,-13.33943853044105,-13.295483997281966,28645.95677925007,18893.97553255354,8.545034357837291e-09,3.8284222791437896,1.3444025063108542,28651.09962817632,18885.203756331437,8.544006264875693e-09,3.8285808472246905,1.3418037685360376,28711.055632682015,19386.53623754853,8.624991455862728e-09,3.8293284939802836,1.3455618051285811,28734.000155448324,19398.409876697035,8.631875221445039e-09,3.828443286123722,1.341969293761902,28620.87291734004,18940.81483617762,8.558941508315582e-09,3.830344543759095,1.3444025063108542,28599.199367399026,18842.249297758164,8.53133116906051e-09,3.8301859756781957,1.3418037685360376,28706.14103520357,19380.94757607931,8.62317982049307e-09,3.829438328922602,1.3455618051285811,28685.46565088739,19384.763701264877,8.627454058592827e-09,3.8303235367791624,1.341969293761902
CC-discharge,6,1223271.0107006258,436.3636363636364,7.646327601017135,-53.2,-13.285905843999679,-13.271091886645454,-13.344757215304963,-13.29824505404991,28851.707719512837,18671.982004685215,8.545034357837538e-09,3.822180944906191,1.6128584242898643,28856.7748405874,18664.511656933235,8.544006264875609e-09,3.8223292382722596,1.6099344687683617,28914.70240347244,19167.09274801902,8.624991455881687e-09,3.8231062219915115,1.6150991358936921,28940.01216102341,19180.256600242166,8.631875221437046e-09,3.8221927664825244,1.610592819532931,28824.82462248904,18721.73195321264,8.558941508315783e-09,3.824146656110944,1.6128584242898643,28801.15986709513,18618.910224657535,8.531331169064631e-09,3.823998362744874,1.6099344687683617,28909.44663573966,19161.105815911345,8.62317982050098e-09,3.8232213790256226,1.6150991358936921,28888.095721715057,19165.639894356256,8.627454058588105e-09,3.8241348345346093,1.610592819532931
CC-discharge,7,1223343.7379733531,509.0909090909091,7.634098783246438,-53.2,-13.2811933327135,-13.26871727219747,-13.349457982108289,-13.300631412980746,29057.385867833254,18450.06890419485,8.545034357837644e-09,3.816045290450904,1.8812129614283812,29062.413375547876,18443.860084208634,8.544006264875389e-09,3.8161836772638464,1.8780133491607145,29118.420702050957,18947.57027191324,8.624991455891082e-09,3.8169892248422306,1.8847376732413008,29146.060992918487,18962.06316660528,8.63187522144481e-09,3.81604821243449,1.8792683394019276,29028.70417224154,18502.728443110114,8.558941508315712e-09,3.8180534927955336,1.8812129614283812,29003.084351773792,18395.612164306403,8.531331169056685e-09,3.8179151059825913,1.8780133491607145,29112.823644233056,18941.18492581379,8.623179820505447e-09,3.8171095584042067,1.8847376732413008,29090.76201431495,18946.4757516125,8.627454058598352e-09,3.8180505708119474,1.8792683394019276
CC-discharge,8,1223416.4652460804,581.8181818181819,7.622069239672105,-53.2,-13.277015637048033,-13.266674259582745,-13.353618142732273,-13.302691960636954,29262.99949355694,18228.227069207063,8.54503435783745e-09,3.810009728072995,2.1494776984966797,29268.020368409518,18223.24337740999,8.544006264875233e-09,3.810138540537274,2.1460476070574845,29322.20230896562,18727.977924188566,8.62499145588072e-09,3.810971932598896,2.1544657149063573,29352.141626137232,18743.835063466307,8.631875221441675e-09,3.81000401413436,2.147988777519278,29232.51976362928,18283.795264120323,8.55894150831551e-09,3.81205951159911,2.1494776984966797,29204.977864037188,18172.349388061313,8.531331169056743e-09,3.8119306991348307,2.1460476070574845,29316.263855001467,18721.194037285994,8.623179820513745e-09,3.8110973070732093,2.1544657149063573,29293.459586182682,18727.276785128495,8.627454058595323e-09,3.812065225537745,2.147988777519278
CC-discharge,9,1223489.1925188077,654.5454545454546,7.610227154850278,-53.2,-13.273304467810975,-13.264918373051234,-13.357306592622756,-13.304470566515036,29468.55579976661,18006.448516545905,8.545034357837553e-09,3.80406832809762,2.417662750060912,29473.600255738475,18002.656639341752,8.544006264875237e-09,3.804187865807812,2.4140434922356055,29526.040048513783,18508.323649671158,8.624991455869711e-09,3.805048432854341,2.4242730354654993,29558.249707871633,18525.577035162838,8.631875221432004e-09,3.804054221238046,2.4167479949652577,29436.278536747264,18064.924537737254,8.558941508315402e-09,3.8061588267526574,2.417662750060912,29406.844760323,17949.116939991065,8.531331169073358e-09,3.8060392890424666,2.4140434922356055,29519.760104363377,18501.141109575467,8.62317982051796e-09,3.8051787219959357,2.4242730354654993,29496.184155965882,18508.04776034631,8.627454058582667e-09,3.806172933612233,2.4167479949652577
CC-discharge,10,1223561.919791535,727.2727272727274,7.59856216955383,-53.2,-13.270001579911293,-13.263411381052498,-13.360582219522856,-13.30600481951336,29674.061090782732,17784.726263601566,8.545034357837725e-09,3.798215893805373,2.6857769525631574,29679.156883199677,17782.095625666603,8.544006264875235e-09,3.7983264303531294,2.6820064190447344,29729.927639219837,18288.614397835827,8.62499145587166e-09,3.7992135422626805,2.694150700234647,29764.38146462399,18307.293192459758,8.631875221434801e-09,3.7981936206074147,2.685540675632211,29639.986740784003,17846.109372903553,8.55894150831544e-09,3.8003462757484563,2.6857769525631574,29608.688816838596,17725.91052485096,8.531331169068524e-09,3.8002357392006996,2.6820064190447344,29723.306121366808,18281.033104766884,8.623179820521373e-09,3.799348627291149,2.694150700234647,29698.93201211231,18288.792806320012,8.627454058584532e-09,3.8003685489464147,2.685540675632211
CC-discharge,11,1223634.6470642623,800.0000000000001,7.587065180858552,-53.2,-13.267056996045369,-13.262120213395868,-13.363495658521312,-13.307327132037457,29879.52089998535,17563.054185413283,8.545034357837399e-09,3.79244786044087,2.953828049289992,29884.69358567028,17561.55665616619,8.544006264875338e-09,3.792549649033588,2.94994108161492,29933.859569276174,18068.856263164776,8.624991455800832e-09,3.7934627064198025,2.964090880820952,29970.533623111947,18088.98710038755,8.631875221363197e-09,3.792417634689929,2.954362210496361,29843.649860733836,17627.343724964714,8.558941508318623e-09,3.7946173204176827,2.953828049289992,29810.513308230773,17502.726418283393,8.531331169097709e-09,3.794515531824965,2.94994108161492,29926.896403439318,18060.876128404503,8.62317982058575e-09,3.7936024744387513,2.964090880820952,29901.699935075692,18069.515503940333,8.62745405851459e-09,3.7946475461686244,2.954362210496361
CC-discharge,12,1223707.3743369896,872.7272727272727,7.5757281717489695,-53.2,-13.264427582395625,-13.261016083012887,-13.366090703971864,-13.30846563061963,30084.94009521195,17341.426896507448,8.545034357837316e-09,3.7867602091602897,3.2218228430116183,30090.213253294176,17341.03654116811,8.544006264874319e-09,3.7868534874599127,3.2178515492554123,30137.830992809515,17849.054601386553,8.62499145580025e-09,3.7877919145338987,3.234086702664317,30176.703344319718,17870.66185090347,8.631875221214551e-09,3.786722234961109,3.2232086020383512,30047.272721865353,17408.622279059113,8.558941508319477e-09,3.78896796258868,3.2218228430116183,30012.321072442533,17279.56139235802,8.531331169135881e-09,3.788874684289056,3.2178515492554123,30130.52611282588,17840.675545936767,8.623179820583162e-09,3.7879362572150703,3.234086702664317,30104.485132445898,17850.218958920712,8.627454058391056e-09,3.7890059367878597,3.2232086020383512
CC-discharge,13,1223780.101609717,945.4545454545455,7.564544065130743,-53.2,-13.262075897492753,-13.260073766869136,-13.368405454397625,-13.30944488124049,30290.322966430547,17119.839652681527,8.545034357837237e-09,3.7811493933222633,3.4897673226064505,30295.718386417448,17120.532520342415,8.544006264873495e-09,3.7812343876755206,3.4857413457188673,30341.837643439027,17629.21412618954,8.624991455833982e-09,3.7821976263240606,3.504132118405423,30382.888168644207,17652.32012322278,8.631875221253601e-09,3.7811038678142768,3.4920763849864334,30250.859576632425,17189.94035318561,8.558941508319842e-09,3.78339467180848,3.4897673226064505,30214.114564663614,17056.412653638203,8.5313311691514e-09,3.7833096774552226,3.4857413457188673,30334.190990291598,17620.436079607844,8.623179820554765e-09,3.782346438806683,3.504132118405423,30307.285184994398,17630.905862394957,8.627454058433581e-09,3.783440197316467,3.4920763849864334
CC-discharge,14,1223852.8288824442,1018.1818181818182,7.55350659811619,-53.2,-13.259969254678655,-13.25927101133746,-13.3704732482184,-13.310286485765493,30495.67329897682,16898.28826903065,8.545034357837768e-09,3.7756122750242684,3.75766676858798,30501.21114137438,16900.04221172986,8.544006264873376e-09,3.7756892042272896,3.7536135151957017,30545.875762014824,17409.338989990654,8.624991455867772e-09,3.7766767090756734,3.7742218022702314,30589.085970220895,17433.964234022136,8.631875221224936e-09,3.775559390784508,3.760962560410736,30454.41417726738,16971.293817310914,8.558941508320804e-09,3.7778943230919215,3.75766676858798,30415.895902281118,16833.2777915953,8.531331169147593e-09,3.7778173938889,3.7536135151957017,30537.88728298659,17400.16188937051,8.62317982054668e-09,3.776829889040516,3.7742218022702314,30510.098001760674,17411.578541347793,8.627454058473724e-09,3.7779472073316813,3.760962560410736
CC-discharge,15,1223925.5561551715,1090.909090909091,7.542610213205781,-53.2,-13.258078952480094,-13.258588035388971,-13.37232343469152,-13.311009577439417,30700.99443495987,16676.76905129073,8.54503435783661e-09,3.770146070171631,4.025525841387563,30706.693368598426,16679.56356929839,8.544006264872285e-09,3.770215148890397,4.0214706772838476,30749.942036057484,17189.432851582555,8.624991455892134e-09,3.7712263831604678,4.044351061693564,30795.29491889388,17215.59617924686,8.631875221141263e-09,3.770086017381016,4.029864540847149,30657.93983665581,16752.679025606896,8.558941508320953e-09,3.7724641430341497,4.025525841387563,30617.666902307265,16610.154735657306,8.531331169179833e-09,3.772395064315384,4.0214706772838476,30741.611683978856,17179.856640656515,8.62317982054736e-09,3.771383830045314,4.044351061693564,30712.92178262942,17192.239000603655,8.627454058494634e-09,3.772524195824765,4.029864540847149
CC-discharge,16,1223998.2834278988,1163.6363636363637,7.53184996358933,-53.2,-13.25637963785605,-13.258007110767105,-13.373982014376981,-13.311631236999865,30906.28932485633,16455.27873816764,8.545034357835508e-09,3.7647483006710187,4.2933486554313625,30912.166644267214,16459.094847685992,8.544006264870196e-09,3.7648097426228664,4.289315072699566,30954.03354890398,16969.498932907904,8.624991455916392e-09,3.76584417463063,4.3145157631993065,31001.513448584286,16997.217668876747,8.631875221154922e-09,3.7646812691113998,4.2987801046293646,30861.439479472778,16534.092759540028,8.558941508321934e-09,3.767101662918312,4.2933486554313625,30819.429112452053,16387.041719528614,8.531331169223935e-09,3.7670402209664644,4.289315072699566,30945.361281492635,16959.523561256734,8.623179820559584e-09,3.766005788958701,4.3145157631993065,30915.754987233628,16972.88895774873,8.627454058570554e-09,3.767168694477931,4.2987801046293646
CC-discharge,17,1224071.0107006258,1236.3636363636365,7.5212214302690565,-53.2,-13.254848718457323,-13.25751218543589,-13.375472230661973,-13.312166865444816,31111.560587273438,16233.814434932421,8.545034357834744e-09,3.7594167525826787,4.5611388408486695,31117.632301475805,16238.634567515377,8.544006264868095e-09,3.7594707735723034,4.55714860094404,31158.147721366815,16749.540083854285,8.624991455968016e-09,3.7605278737357613,4.584712270724952,31207.740225585472,16778.830161710906,8.63187522111834e-09,3.7593429335255233,4.567707358189412,31064.915701427777,16315.532162334648,8.558941508323939e-09,3.761804677686378,4.5611388408486695,31021.183841735,16163.937246088473,8.531331169217786e-09,3.761750656696753,4.55714860094404,31149.13350065968,16739.165506232057,8.623179820556343e-09,3.7606935565332957,4.584712270724952,31118.596303756574,16753.529878072914,8.62745405852327e-09,3.7618784967435333,4.567707358189412
CC-discharge,18,1224143.7379733531,1309.0909090909092,7.5107206490894995,-53.2,-13.253465792015058,-13.257088539088594,-13.376815143024668,-13.312630525871684,31316.810582673104,16012.3735320355,8.545034357833744e-09,3.754149439260201,4.828899593479703,31323.091461615317,16018.181480655205,8.544006264867552e-09,3.7541962601552177,4.824972850686712,31362.28224050527,16529.558860829526,8.624991455943854e-09,3.7552754984037855,4.854937395711686,31413.974115750007,16560.43490117158,8.631875221177694e-09,3.75406902730347,4.836644705576448,31268.370842337703,16096.994658656491,8.55894150832485e-09,3.7565712098292985,4.828899593479703,31222.932191293035,15940.840052234553,8.531331169201837e-09,3.756524388934282,4.824972850686712,31352.926032415977,16518.785036631078,8.623179820551185e-09,3.755445150685714,4.854937395711686,31321.444616671753,16534.163010529974,8.627454058520753e-09,3.7566516217860304,4.836644705576448
CC-discharge,19,1224216.4652460804,1381.818181818182,7.500344046091833,-53.2,-13.252212760774702,-13.256722656652876,-13.37802953657929,-13.313035045993137,31522.04130105097,15790.953827601597,8.545034357833063e-09,3.748944568689815,5.09663372027556,31528.545008587484,15797.734598119125,8.544006264867426e-09,3.7489844184074794,5.092789125391171,31566.4351663963,16309.557410455891,8.62499145594656e-09,3.7500852618911447,5.125188352071322,31620.214214232838,16342.032883519918,8.631875221267334e-09,3.748857763574272,5.105590822463971,31471.80687479887,15878.478075499368,8.558941508324263e-09,3.751399477402018,5.09663372027556,31424.67502906338,15717.749137118613,8.531331169186783e-09,3.7513596276843533,5.092789125391171,31556.73694008983,16298.384302969956,8.62317982051187e-09,3.7502587842006876,5.125188352071322,31524.299035989094,16314.7893558142,8.627454058592759e-09,3.7514862825175603,5.105590822463971
CC-discharge,20,1224289.1925188077,1454.5454545454547,7.490088379804707,-53.2,-13.25107317814817,-13.256401878607,-13.379132575395534,-13.3133923678493,31727.254480291915,15569.553396378931,8.545034357836145e-09,3.7438005142954274,5.364343679254579,31733.993631965146,15577.293141766824,8.544006264865001e-09,3.7438336328838266,5.3605984641311695,31770.604818418295,16089.53759546203,8.624991455931951e-09,3.7449555439114826,5.395462716838744,31826.459799401036,16123.624908597172,8.63187522124478e-09,3.743707522774863,5.374544634725006,31675.225521497323,15659.980512856642,8.55894150832268e-09,3.746287865509279,5.364343679254579,31626.413032163455,15494.663713268588,8.531331169173275e-09,3.746254746920879,5.3605984641311695,31760.564545872385,16077.96517135744,8.623179820538706e-09,3.745132835893223,5.395462716838744,31727.15885192168,16095.409717323562,8.627454058541277e-09,3.746380857029843,5.374544634725006
CC-discharge,21,1224361.919791535,1527.2727272727275,7.479950689353186,-53.2,-13.25003196680053,-13.256114178241175,-13.380140095096353,-13.313713759861944,31932.45162785526,15348.170565978104,8.545034357837803e-09,3.7387157886663163,5.632031610011636,31939.43783718158,15356.856533060556,8.544006264864308e-09,3.7387424305495873,5.628401656624585,31974.789754473975,15869.501017449034,8.624991455955662e-09,3.739884864679703,5.665758400379066,32032.710322043113,15905.211591549525,8.631875221199735e-09,3.7386168264680553,5.643505302681685,31878.62827671073,15441.500320262046,8.558941508321316e-09,3.7412349006868695,5.632031610011636,31828.146696899283,15271.583195205836,8.531331169187244e-09,3.7412082588035984,5.628401656624585,31964.4074100816,15857.52924630233,8.623179820535809e-09,3.7400658246734833,5.665758400379066,31930.023524272303,15876.024712940736,8.62745405857889e-09,3.7413338628851305,5.643505302681685
CC-discharge,22,1224434.6470642623,1600.0000000000002,7.469928247392701,-53.2,-13.249075174080968,-13.255847957278762,-13.381066859197135,-13.314010009443138,32137.634037841297,15126.803897730084,8.545034357838296e-09,3.7336890196961208,5.899699358909429,32144.877951965966,15136.424385554286,8.544006264862492e-09,3.7337094571569764,5.896199253953069,32178.988754970313,15649.449034892172,8.624991455961341e-09,3.7348718613751375,5.936073622139607,32238.965398120694,15686.793371050733,8.631875221251454e-09,3.7335843136189624,5.912472209442343,32082.01642322361,15223.036077912438,8.558941508319073e-09,3.736239227696581,5.899699358909429,32029.876345081284,15048.507191850902,8.531331169212085e-09,3.7362187902357253,5.896199253953069,32168.26431517067,15637.07788874624,8.623179820557177e-09,3.7350563860175643,5.936073622139607,32132.89267530949,15656.634783293594,8.627454058582725e-09,3.736343933773739,5.912472209442343
CC-discharge,23,1224507.3743369896,1672.727272727273,7.46001851701795,-53.2,-13.248189754922983,-13.255591853044784,-13.38192678918844,-13.314291602843795,32342.80280474107,14905.452171196772,8.545034357837657e-09,3.7287189287011957,6.167348499606439,32350.314129814888,14915.996500595833,8.544006264862535e-09,3.728733455675719,6.163991575269469,32383.20081028263,15429.382777359318,8.624991455948389e-09,3.7299152665983697,6.206406891315218,32445.22480429366,15468.3705145928,8.63187522128213e-09,3.728608718898794,6.181444953000796,32285.391045954028,15004.58658137067,8.558941508319938e-09,3.731299588316755,6.167348499606439,32231.60212743167,14825.435502167686,8.531331169214012e-09,3.731285061342232,6.163991575269469,32372.134253205077,15416.612230305796,8.623179820556623e-09,3.7301032504195812,6.206406891315218,32335.76608535778,15437.240197061821,8.627454058535404e-09,3.731409798119157,6.181444953000796
CC-discharge,24,1224580.101609717,1745.4545454545455,7.4502191119051275,-53.2,-13.247363376501612,-13.255334552986588,-13.382733174206045,-13.314568896305763,32547.958834194604,14684.114371950802,8.545034357837386e-09,3.7238043101408955,6.434980349418808,32555.74635062217,14695.572866082364,8.544006264862286e-09,3.7238132464038296,6.431778710683926,32587.425111348435,15209.303156262547,8.624991455945946e-09,3.7250138884509694,6.476756991955566,32651.48847604488,15249.943120966995,8.63187522128794e-09,3.723688852640604,6.450423341881094,32488.753042624317,14786.15082951049,8.558941508319986e-09,3.7264148017642316,6.434980349418808,32433.32402421076,14602.368113911494,8.531331169201967e-09,3.7264058655012975,6.431778710683926,32576.016416478047,15196.133184047225,8.623179820562616e-09,3.7252052234541586,6.476756991955566,32538.643690960136,15217.841053476212,8.627454058533768e-09,3.7265302592645235,6.450423341881094
CC-discharge,25,1224652.8288824442,1818.1818181818182,7.440527759031923,-53.2,-13.246584239900598,-13.255064612995346,-13.383498865104304,-13.314852281999752,32753.102851047293,14462.78968234761,8.545034357836865e-09,3.7189440126052142,6.702595981907719,32761.174418533268,14475.153658233347,8.544006264862946e-09,3.7189477084287614,6.699560520441319,32791.66104320211,14989.210872419693,8.624991455947315e-09,3.7201665919100995,6.74712297215062,32857.756508359285,15031.511120045312,8.6318752212854e-09,3.718823582115341,6.71940739418721,32692.103131740587,14567.72801540789,8.558941508319353e-09,3.7215837464267087,6.702595981907719,32635.041843098286,14379.305205412365,8.53133116923604e-09,3.7215800506031624,6.699560520441319,32779.91019105337,14975.641452062613,8.623179820543075e-09,3.7203611671218235,6.74712297215062,32741.525585540647,14998.43728209843,8.627454058512891e-09,3.7217041769165826,6.71940739418721
CC-discharge,26,1224725.5561551715,1890.909090909091,7.4309422633905395,-53.2,-13.245840914841205,-13.254770276268122,-13.384236457079135,-13.315152351811536,32958.235404868516,14241.477475061776,8.545034357836294e-09,3.7141369207712356,6.970196235996021,32966.597957005506,14254.739246339808,8.544006264864209e-09,3.7141357621464923,6.96733663043388,32995.908181244355,14769.10642061695,8.62499145595127e-09,3.715372281205846,7.0175041370211595,33064.02915890525,14813.074269885165,8.631875221298912e-09,3.7140118138332636,6.988397339983284,32895.441858067556,14349.317519962235,8.558941508317981e-09,3.7168053426193035,6.970196235996021,32836.75521435378,14156.247150390765,8.531331169232898e-09,3.7168065012440468,6.96733663043388,32983.815153043164,14755.137530034022,8.623179820534206e-09,3.715569982184693,7.0175041370211595,32944.41202253952,14779.028639909333,8.62745405856946e-09,3.716930449557276,6.988397339983284
CC-discharge,27,1224798.2834278988,1963.6363636363637,7.42146047416308,-53.2,-13.245122184115322,-13.254439289798,-13.384958464321183,-13.315480061765498,33163.356873096694,14020.1773092265,8.54503435783796e-09,3.709381938056035,7.237781721844066,33172.016401054745,14034.330200543545,8.54400626486381e-09,3.709376352573818,7.235106424030508,33200.16629016031,14548.990091295569,8.62499145592951e-09,3.710629882936052,7.287900045318133,33270.30685375336,14594.632151163982,8.631875221274988e-09,3.7092524766031123,7.257393626989113,33098.76959574095,14130.9189080858,8.558941508318393e-09,3.712078536107045,7.237781721844066,33038.4635831959,13933.194525826937,8.531331169245817e-09,3.712084121589262,7.235106424030508,33187.73106752771,14534.621708928327,8.623179820519456e-09,3.7108305912270274,7.287900045318133,33147.30342103213,14559.614705719212,8.627454058559483e-09,3.712207997559968,7.257393626989113
CC-discharge,28,1224871.0107006258,2036.3636363636365,7.412080251872041,-53.2,-13.244416894822137,-13.254058715782165,-13.385677489782973,-13.31584689961273,33368.46746189721,13798.888929054496,8.54503435783923e-09,3.7046779697157635,7.505352823651515,33377.4289865829,13813.927302729478,8.544006264862553e-09,3.704668433212611,7.502869030147479,33404.43532540179,14328.861969452963,8.624991455907068e-09,3.7059383296754085,7.558310509501003,33476.59019567003,14376.184158879765,8.631875221281723e-09,3.7045445051042636,7.526396929629297,33302.0865491252,13912.531927346989,8.558941508318344e-09,3.707402282156278,7.505352823651515,33240.166199329506,13710.148122985074,8.5313311692167e-09,3.7074118186594305,7.502869030147479,33391.65789003247,14314.094073900427,8.623179820531337e-09,3.7061419221966334,7.558310509501003,33350.200373890286,14340.194871836049,8.62745405857165e-09,3.707535746767778,7.526396929629297
CC-discharge,29,1224943.7379733531,2109.0909090909095,7.402799436050288,-53.2,-13.24371381392537,-13.25361473537448,-13.386406392737133,-13.316265057963014,33573.56720480161,13577.612264873842,8.545034357840547e-09,3.700023906155413,7.7729096994974505,33582.83473668413,13593.531560645237,8.544006264862128e-09,3.7000109502412015,7.77062330743189,33608.71543721283,14108.721930805135,8.624991455930987e-09,3.701296543851464,7.828735599223429,33682.879975090735,14157.729491240438,8.631875221284839e-09,3.699886823743208,7.795408161524002,33505.39275145758,13694.15650898663,8.558941508318567e-09,3.702775529894875,7.7729096994974505,33441.86210349114,13487.108961697442,8.531331169220131e-09,3.7027884858090867,7.77062330743189,33595.59577054997,14093.554500439972,8.623179820536264e-09,3.7015028921988242,7.828735599223429,33553.103658571985,14120.768332899735,8.627454058555946e-09,3.7029126123070797,7.795408161524002
CC-discharge,30,1225016.4652460804,2181.818181818182,7.39361581299814,-53.2,-13.243001485906902,-13.253092442385336,-13.387158456506828,-13.316747615200939,33778.65595915215,13356.347436533095,8.545034357840966e-09,3.6954186062254544,8.040452278283635,33788.23244474578,13373.144225419337,8.544006264862124e-09,3.695402826821349,8.038367824378959,33813.00697720431,13888.569635193026,8.624991455902765e-09,3.6967034216719394,8.09917564820569,33889.17718388191,13939.267135609975,8.631875221270394e-09,3.6952783305779926,8.06442849155596,33708.68806132748,13475.792771282555,8.558941508318201e-09,3.698197206772686,8.040452278283635,33643.55011086162,13264.078308099191,8.531331169218287e-09,3.698212986176792,8.038367824378959,33799.54506010217,13873.002647768364,8.62317982052829e-09,3.6969123913262005,8.09917564820569,33756.0142506637,13901.334071770543,8.627454058550207e-09,3.698337482420148,8.06442849155596
CC-discharge,31,1225089.1925188077,2254.545454545455,7.384527083209561,-53.2,-13.24226809057913,-13.25247562458998,-13.38794755851219,-13.317308726318698,33983.73340035568,13135.094759180767,8.545034357840896e-09,3.690860880287638,8.307980253803697,33993.62065416905,13152.766812687254,8.54400626486181e-09,3.6908429473170234,8.306100835156489,34017.31050751787,13668.404517202911,8.624991455882162e-09,3.692157816894939,8.369631264519015,34095.48303207115,13720.795851348175,8.631875221252646e-09,3.6907178811017642,8.333459363692523,33911.9721569797,13257.441025250208,8.558941508317912e-09,3.693666202921923,8.307980253803697,33845.22879114695,13041.05769600484,8.531331169246502e-09,3.6936841358925374,8.306100835156489,34003.506319888635,13652.437949447876,8.623179820548521e-09,3.6923692663146217,8.369631264519015,33958.93334032774,13681.890842287268,8.627454058502275e-09,3.693809202107797,8.333459363692523
CC-discharge,32,1225161.919791535,2327.2727272727275,7.3755308280573795,-53.2,-13.24150129933419,-13.251746530457044,-13.388788344504773,-13.317963825703991,34188.79901390486,12913.854751440073,8.545034357841105e-09,3.6863494728357487,8.575493075924033,34198.997634448475,12932.401127565092,8.544006264861739e-09,3.686330141226848,8.573820250864033,34221.626812651746,13448.225773934291,8.624991455897913e-09,3.6876585242380666,8.640103344347468,34301.798967719726,13502.314149352185,8.631875221240973e-09,3.6862042716813557,8.602502520783661,34115.24452840851,13039.10178271276,8.5589415083179e-09,3.689181355221631,8.575493075924033,34046.89644509995,12818.048952181252,8.531331169270737e-09,3.689200686830531,8.573820250864033,34207.48033309414,13431.859601119786,8.62317982055917e-09,3.687872303819312,8.640103344347468,34161.862351852695,13462.437148722256,8.627454058476616e-09,3.6893265563760234,8.602502520783661
CC-discharge,33,1225234.6470642623,2400.0,7.366624475327996,-53.2,-13.240688128278483,-13.250885619177248,-13.389696408696505,-13.318729843847764,34393.85208512886,12692.628146031915,8.545034357841144e-09,3.68188304445624,8.842989938829211,34404.36135337418,12712.04929374943,8.544006264862038e-09,3.6818631666327493,8.841523605910844,34425.95691404257,13228.03234981206,8.624991455893474e-09,3.683204262222426,8.910593089329298,34508.126700167166,13283.820268065307,8.631875221201791e-09,3.6817362224472197,8.871560032597314,34318.504467189974,12820.775766785066,8.558941508318003e-09,3.6847414308717563,8.842989938829211,34248.55107721352,12595.054225796932,8.531331169261381e-09,3.684761308695248,8.841523605910844,34411.46811944303,13211.266545293947,8.623179820560279e-09,3.683420213105571,8.910593089329298,34364.802966518895,13242.971221682452,8.627454058467762e-09,3.6848882528807763,8.871560032597314
CC-discharge,34,1225307.3743369896,2472.727272727273,7.357805263190778,-53.2,-13.239814786893,-13.249871292046809,-13.390688481241638,-13.31962543981855,34598.89168658376,12471.415902930066,8.545034357841121e-09,3.6774601529104807,9.110469766255186,34609.70944503872,12491.713787064085,8.544006264862104e-09,3.6774406929667984,9.109208019155533,34630.302087521246,13007.822918317961,8.624991455859924e-09,3.6787936552454377,9.181102027611503,34714.468226903824,13065.3121456923,8.63187522120962e-09,3.6773123594289507,9.140634328391924,34521.75105399229,12602.463924853324,8.558941508316355e-09,3.6803451102802978,9.110469766255186,34450.19036430912,12372.07602236984,8.531331169243316e-09,3.68036457022398,9.109208019155533,34615.47095263138,12990.65745304431,8.623179820551871e-09,3.679011607945341,9.181102027611503,34567.75714902403,13023.490990199965,8.62745405848863e-09,3.680492903761828,9.140634328391924
CC-discharge,35,1225380.101609717,2545.4545454545455,7.349070202176547,-53.2,-13.238866521033595,-13.24867960346058,-13.391782624294246,-13.320671251211582,34803.91666300147,12250.21922513573,8.545034357842746e-09,3.6730792331132456,9.37793119360798,34815.039173314784,12271.397473789932,8.544006264859912e-09,3.673061282893407,9.376870149413183,34834.663883790316,12787.595860501846,8.624991455849756e-09,3.674425214670791,9.451632038778532,34920.82586434448,12846.787388332754,8.631875221172031e-09,3.6729311957259405,9.409728234361925,34724.98314364933,12384.167444145474,8.558941508315975e-09,3.675990969063301,9.37793119360798,34651.811619680506,12149.117242559018,8.531331169251996e-09,3.6760089192831393,9.376870149413183,34819.49038076096,12770.030702482123,8.62317982051849e-09,3.6746449875057547,9.451632038778532,34770.727177755456,12803.994049725154,8.627454058423193e-09,3.6761390064506054,9.409728234361925
CC-discharge,36,1225452.8288824442,2618.1818181818185,7.3404160347226,-53.2,-13.23782744929757,-13.247283949987766,-13.392998437605454,-13.32189016310921,35008.92561367383,12029.039577192814,8.545034357843343e-09,3.668738575772962,9.64537254684365,35020.3473904805,12051.103654161756,8.544006264860088e-09,3.668723373096926,9.64450614490256,35039.0441520594,12567.349240097585,8.624991455822578e-09,3.67009731871601,9.722185382838127,35127.20228281096,12628.243233706266,8.631875221202642e-09,3.6685911114944423,9.678845016324763,34928.19934770168,12165.88777000413,8.5589415083154e-09,3.671677458949638,9.64537254684365,34853.411752455315,11926.18122618219,8.531331169233133e-09,3.6716926616256744,9.64450614490256,35023.52824994315,12549.384353827882,8.623179820535735e-09,3.670318716006591,9.722185382838127,34973.715679200184,12584.47762568779,8.627454058411216e-09,3.671824923228158,9.678845016324763
CC-discharge,37,1225525.5561551715,2690.909090909091,7.331839191819767,-53.2,-13.236680391956876,-13.24565473644641,-13.394357274262825,-13.323307597333889,35213.91687216736,11807.878706572787,8.545034357847398e-09,3.664436304446457,9.912791817967431,35225.63049058703,11830.836111420176,8.544006264857269e-09,3.664425253755503,9.912111586179673,35243.445067021115,12347.080775086872,8.624991455841183e-09,3.6658081909068745,9.992764733463058,35333.60054605615,12409.676510139941,8.631875221225895e-09,3.664290332521925,9.94798842804641,35131.39801428891,11947.626626989777,8.558941508316444e-09,3.6674028873733096,9.912791817967431,35054.98722181149,11703.271801857609,8.531331169262256e-09,3.6674139380642634,9.912111586179673,35227.58673123113,12328.71612092133,8.623179820544475e-09,3.666031000912892,9.992764733463058,35176.7256668146,12364.93853230568,8.627454058519593e-09,3.667548859297841,9.94798842804641
CC-discharge,38,1225598.2834278988,2763.636363636364,7.323335746439287,-53.2,-13.235406692416047,-13.243759019003004,-13.395882466250185,-13.32495182233076,35418.888483219445,11586.73866807075,8.545034357846164e-09,3.6601703508324466,10.180186637001501,35430.88435721104,11610.599166831264,8.544006264857317e-09,3.66016504655587,10.179681422093305,35447.86915933154,12126.787805513466,8.624991455828125e-09,3.6615558769397,10.263373215690464,35540.02415565865,12191.083590441816,8.63187522123125e-09,3.660026907233488,10.217162765618781,35334.57720524622,11729.386042955168,8.558941508315609e-09,3.6631653956068404,10.180186637001501,35256.53398567217,11480.393342677422,8.531331169256549e-09,3.663170699883417,10.179681422093305,35431.66835103708,12108.023338977417,8.623179820541546e-09,3.6617798694995867,10.263373215690464,35379.760584696225,12145.373126248553,8.627454058543029e-09,3.6633088392057997,10.217162765618781
CC-discharge,39,1225671.0107006258,2836.3636363636365,7.3149011175037595,-53.2,-13.23398669904713,-13.241561460868375,-13.39759869520432,-13.326853144880173,35623.83823942958,11365.621783557932,8.545034357848784e-09,3.655938307368942,10.44755424701628,35636.1044041304,11390.397634887233,8.544006264854857e-09,3.655940552973637,10.447209911788974,35652.319274704176,11906.467338343396,8.62499145583006e-09,3.657338096336457,10.534014439543538,35746.47701518151,11972.460430855474,8.63187522120792e-09,3.655798556472325,10.486372916802729,35537.7347324765,11511.168309327606,8.558941508315728e-09,3.6589628101348173,10.44755424701628,35458.047540648186,11257.550720880343,8.531331169276451e-09,3.658960564530123,10.447209911788974,35635.77595030868,11887.30300953191,8.62317982054124e-09,3.6575630211673036,10.534014439543538,35582.82427232485,11925.777345770932,8.627454058516787e-09,3.659102561031435,10.486372916802729
CC-discharge,40,1225743.7379733531,2909.0909090909095,7.306531063365206,-53.2,-13.232396650892015,-13.239018156748601,-13.399536002888878,-13.32904918947051,35828.763454242726,11144.530886270017,8.545034357846814e-09,3.651737913292584,10.714891452571221,35841.28520079126,11170.237223314636,8.54400626485293e-09,3.6517497741055105,10.714690513987126,35856.79884818525,11686.115752796328,8.62499145583895e-09,3.653152741442581,10.804692567807107,35952.96375321376,11753.802230534235,8.631875221208695e-09,3.6516031812772214,10.755624455533544,35740.867932917114,11292.976222195737,8.558941508310719e-09,3.6547931500726216,10.714891452571221,35659.52255426658,11034.749712650915,8.531331169269003e-09,3.654781289259695,10.714690513987126,35839.912958337474,11666.551505232177,8.623179820535344e-09,3.6533783219226246,10.804692567807107,35785.92128230697,11706.146368666918,8.627454058504598e-09,3.6549278820879842,10.755624455533544
CC-discharge,41,1225816.4652460804,2981.818181818182,7.2982199356595805,-53.2,-13.230613220023619,-13.236085490393439,-13.401723942197357,-13.331577347385586,36033.661136964525,10923.469132272778,8.54503435784672e-09,3.6475661928752525,10.982194582580469,36046.420722901144,10950.124265249498,8.544006264850949e-09,3.6475900061697017,10.982115803352196,36061.31169896488,11465.729020967492,8.62499145583332e-09,3.648997001371051,11.07541236523222,36159.48950610117,11535.103660785158,8.631875221194001e-09,3.6474379734937594,11.024923713481584,35943.973842026484,11074.81289624732,8.55894150830708e-09,3.650653742784328,10.982194582580469,35860.95311104116,10811.9967270845,8.531331169282464e-09,3.6506299294898787,10.982115803352196,36044.083187915894,11445.764790863346,8.62317982053817e-09,3.6492229342885296,11.07541236523222,35989.05666666855,11486.474842538018,8.62745405849046e-09,3.650781962165821,11.024923713481584
CC-discharge,42,1225889.1925188077,3054.545454545455,7.289961818856152,-53.2,-13.228609906338429,-13.232713116043353,-13.404196189739785,-13.334480787878439,36238.52788360593,10702.44011645725,8.545034357845424e-09,3.6434200142379267,11.249459462644733,36251.504160331475,10730.065921631087,8.544006264846641e-09,3.6434584352009325,11.249477405437418,36265.86216385177,11245.302566243487,8.624991455854401e-09,3.6448679342148407,11.346179235251787,36366.06008366438,11316.358692757627,8.631875221220782e-09,3.6432999977461957,11.29427783606001,36147.04908558349,10856.681879237398,8.55894150831432e-09,3.646541804618225,11.249459462644733,36062.332523840436,10589.299011009827,8.531331169282274e-09,3.64650338365522,11.249477405437418,36248.29096858435,11224.938281505341,8.623179820536059e-09,3.645093884641311,11.346179235251787,36192.23613985434,11266.756711712995,8.627454058494405e-09,3.6466618211099564,11.29427783606001
CC-discharge,43,1225961.919791535,3127.2727272727275,7.2817501354745024,-53.2,-13.22635773287322,-13.228845243142544,-13.406989643290645,-13.337807380693588,36443.35983986543,10481.447912279662,8.545034357846673e-09,3.6392958916033917,11.516681357990304,36456.52783528562,10510.070268490406,8.544006264846522e-09,3.6393519360984232,11.516765873712021,36470.45514474955,11024.831212336852,8.624991455837744e-09,3.64076226937174,11.616999294171286,36572.68203981971,11097.560523143515,8.63187522121875e-09,3.6391859915656095,11.563694888267808,36350.089842991765,10638.587191212095,8.558941508317083e-09,3.6424542438711107,11.516681357990304,36263.65325353766,10366.664737319627,8.531331169283649e-09,3.642398199376079,11.516765873712021,36452.54119403765,11004.06679147733,8.623179820530423e-09,3.640987866102763,11.616999294171286,36395.46614819131,11046.985142614276,8.627454058517437e-09,3.642564143908893,11.563694888267808
CC-discharge,44,1226034.6470642623,3200.0000000000005,7.273577566640363,-53.2,-13.223825035062758,-13.224420182854713,-13.410144671133557,-13.341610110948972,36648.152659289095,10260.497116269473,8.545034357842809e-09,3.635189942799089,11.78385492130279,36661.48311043269,10290.14639416601,8.544006264850446e-09,3.6352670354748113,11.783970574984721,36675.09616191952,10804.30912664123,8.624991455840415e-09,3.6366763681362184,11.88787943876143,36779.36275220171,10878.701491072365,8.63187522121746e-09,3.635092326319125,11.833183953839956,36553.09180580424,10420.533368435317,8.558941508314327e-09,3.638387623841274,11.78385492130279,36464.90681880093,10144.10310335821,8.53133116929536e-09,3.638310531165552,11.783970574984721,36656.83937528754,10783.14447758588,8.623179820528192e-09,3.6369011985041464,11.88787943876143,36598.753948201134,10827.15244029013,8.627454058525292e-09,3.638485240321239,11.833183953839956
CC-discharge,45,1226107.3743369896,3272.727272727273,7.2654359646146585,-53.2,-13.220977254680543,-13.219369903679517,-13.413705346835123,-13.345947494804818,36852.90145828529,10039.592895935877,8.54503435784174e-09,3.631097842428521,12.050974136350701,36866.360290222154,10070.304503856323,8.544006264850286e-09,3.631199870780014,12.051079565757794,36879.79141075731,10583.729759745194,8.624991455839095e-09,3.6326061803192013,12.15882741874091,36986.110508160775,10659.772988272076,8.631875221212516e-09,3.631014964214638,12.102755242786964,36756.05013313657,10202.525510663667,8.558941508315002e-09,3.6343381221861373,12.050974136350701,36666.083699190436,9921.624436725771,8.531331169296313e-09,3.634236093834645,12.051079565757794,36861.191697350325,10562.164778533941,8.623179820528973e-09,3.6328297842954576,12.15882741874091,36802.107691187084,10607.249958173414,8.627454058527572e-09,3.6344210004000206,12.102755242786964
CC-discharge,46,1226180.101609717,3345.454545454546,7.257316256386552,-53.2,-13.217776744833301,-13.213619611736847,-13.417719658581351,-13.350883984848505,37057.60076820423,9818.741040880765,8.545034357843416e-09,3.6270147702241937,12.318032257557913,37071.1485158155,9850.556031081453,8.54400626484997e-09,3.627146145270281,12.31807945985291,37084.547821680135,10363.08578153269,8.624991455839506e-09,3.628547196446263,12.429851913745118,37192.93459693571,10440.76536266138,8.63187522121462e-09,3.6269494109379985,12.372420207227908,36958.9594041579,9984.569331588262,8.558941508315338e-09,3.6303014861623586,12.318032257557913,36867.173231990906,9699.240308074564,8.53133116929673e-09,3.630170111116272,12.31807945985291,37065.60507903358,10341.12035090198,8.623179820529754e-09,3.6287690599402893,12.429851913745118,37005.53651389489,10387.268001240756,8.62745405852899e-09,3.6303668454485543,12.372420207227908
CC-discharge,47,1226252.8288824442,3418.1818181818185,7.249208337339938,-53.2,-13.214182594457535,-13.207087376183722,-13.422239679036592,-13.356490350322149,37262.24448479385,9597.948016774275,8.545034357842744e-09,3.6229353540526246,12.585021745833577,37275.83565439926,9630.913755285947,8.544006264851116e-09,3.6231010783524735,12.584955288013724,37289.37312246988,10142.369014537091,8.624991455839254e-09,3.6244943950449913,12.700962614125096,37399.84540755593,10221.6678158165,8.631875221214596e-09,3.622890663440386,12.642191665158924,37161.813568000485,9766.671212106312,8.558941508315968e-09,3.626272983287313,12.585021745833577,37068.16350352346,9476.963650125905,8.531331169297173e-09,3.626107258987463,12.584955288013724,37270.08723517169,10120.003002381725,8.623179820528322e-09,3.6247139422949455,12.700962614125096,37209.05063480374,10167.195723028386,8.627454058527468e-09,3.6263176738995506,12.642191665158924
CC-discharge,48,1226325.5561551715,3490.909090909091,7.241100953915283,-53.2,-13.210150483354296,-13.199683826216098,-13.42732167779431,-13.362844012635298,37466.82581557102,9377.221021687632,8.54503435784206e-09,3.618853606995434,12.85193420116501,37480.408184073254,9411.391924396681,8.54400626484677e-09,3.619059350790094,12.851690350664226,37494.27590215697,9921.570365472744,8.624991455838645e-09,3.620442184489423,12.972170304598135,37606.85453171605,10002.46829505479,8.63187522121405e-09,3.6188331523521384,12.912083931451422,37364.60589157643,9548.838255911054,8.558941508316683e-09,3.622247346919849,12.85193420116501,37269.041236102785,9254.808881695704,8.531331169291992e-09,3.622041603125189,12.851690350664226,37474.646740406766,9898.803623183672,8.623179820525519e-09,3.62065876942586,12.972170304598135,37412.66145531745,9947.021017232448,8.627454058519664e-09,3.622267801563144,12.912083931451422
CC-discharge,49,1226398.2834278988,3563.636363636364,7.23298157409128,-53.2,-13.205632581916966,-13.191311953185524,-13.433026153974774,-13.370029310922739,37671.337225807714,9156.568044016294,8.545034357838435e-09,3.6147628578804696,13.118760292733407,37684.85107600891,9192.00638057611,8.544006264851707e-09,3.6150150442086413,13.118266065607678,37699.26567516321,9700.679756268399,8.624991455849501e-09,3.6163843388212884,13.243486949363481,37813.97487046552,9783.153381293585,8.63187522120034e-09,3.614770678452143,13.182112954921706,37567.32890604758,9331.078346659742,8.55894150831905e-09,3.6182187162108104,13.118760292733407,37469.79167233897,9032.792034956907,8.531331169306608e-09,3.6179665298826387,13.118266065607678,37679.29309322059,9677.51211694636,8.623179820518946e-09,3.6165972352699907,13.243486949363481,37616.38166469901,9726.73040507166,8.62745405855374e-09,3.6182108956391366,13.182112954921706
CC-discharge,50,1226471.0107006258,3636.3636363636365,7.22483624440619,-53.2,-13.200577513524143,-13.181867059782785,-13.439417761138229,-13.378137665554844,37875.77038418462,8935.997920958165,8.545034357845095e-09,3.6106556745823983,13.385489687636852,37889.14767629486,8972.774686739813,8.544006264847625e-09,3.610961574283857,13.384661813213418,37904.352944004444,9479.68605635811,8.624991455834849e-09,3.612313926916843,13.514925776788864,38021.22074303522,9563.708174365604,8.631875221195273e-09,3.610696342572452,13.45229645973461,37769.974352950056,9113.400205681573,8.558941508327049e-09,3.614180569823792,13.385489687636852,37670.39845910795,8810.930883474157,8.531331169325728e-09,3.6138746701223337,13.384661813213418,37884.03677853395,9456.117332902339,8.623179820517995e-09,3.6125223174893475,13.514925776788864,37820.22534711265,9506.308920089705,8.627454058525334e-09,3.6141399018337377,13.45229645973461
CC-discharge,51,1226543.7379733531,3709.0909090909095,7.216649432124045,-53.2,-13.194930402147866,-13.17123690793686,-13.446565090567855,-13.387267599347425,38080.116109467184,8715.520396117006,8.545034357838602e-09,3.606523779353662,13.652110979714347,38093.27959064136,8753.71625054541,8.544006264848426e-09,3.6068916169376357,13.650854782584325,38109.54925832049,9258.577018538857,8.624991455863547e-09,3.6082232343115175,13.786501361149533,38228.60799550205,9344.11617812234,8.631875221210619e-09,3.606602468262773,13.722654088673018,37972.53313133611,8895.813448828507,8.558941508342416e-09,3.6101256527703827,13.652110979714347,37870.84353433958,8589.245067678901,8.53133116932591e-09,3.609757815186409,13.650854782584325,38088.88932663807,9234.60700162143,8.623179820531812e-09,3.608426197812528,13.786501361149533,38024.20808850188,9285.739992749208,8.62745405862195e-09,3.6100469638612718,13.722654088673018
CC-discharge,52,1226616.4652460804,3781.818181818182,7.208403851025752,-53.2,-13.188633033163569,-13.159302128095584,-13.45454027205337,-13.39752456668749,38284.36432001452,8495.146174366255,8.54503435784114e-09,3.602357955383366,13.918611620475069,38297.22657614118,8534.852441551544,8.54400626491164e-09,3.602797026800571,13.916819823352329,38314.867267366084,9037.339221357906,8.624991455831307e-09,3.6041036769334154,14.058229698145706,38436.15410619022,9124.359188455259,8.631875221218702e-09,3.602480516480152,13.993207544895592,38174.9952477267,8678.328640618765,8.558941508314006e-09,3.6060458956423864,13.918611620475069,38071.10702073695,8367.756213437222,8.531331169312901e-09,3.605606824225182,13.916819823352329,38293.86336559671,9012.967677291226,8.623179820557557e-09,3.6043001740923373,14.058229698145706,38228.34708026361,9065.00533795443,8.627454058714833e-09,3.6059233345456,13.993207544895592
CC-discharge,53,1226689.1925188077,3854.545454545455,7.20008026916776,-53.2,-13.181624161704779,-13.145936964835109,-13.463418343683488,-13.409020529776628,38488.50398848008,8274.886971538377,8.545034357827536e-09,3.59814794371252,14.18497785476667,38500.96644542808,8316.20669603046,8.544006264932777e-09,3.5986687471271575,14.182529309139507,38520.32076238251,8815.95802176912,8.624991455812713e-09,3.5999457059291355,14.330128270021836,38643.8782837953,8904.41718833545,8.631875221227938e-09,3.5983209915035403,14.263980727688159,38377.34977120545,8460.957343273058,8.55894150825715e-09,3.6019323254552393,14.18497785476667,38271.16713165954,8146.488038113961,8.531331169319554e-09,3.6014115220406024,14.182529309139507,38498.97266354679,8791.1846902909,8.623179820538337e-09,3.6001345632386244,14.330128270021836,38432.66121576036,8844.084849623916,8.627454058549603e-09,3.60175927766422,14.263980727688159
CC-discharge,54,1226761.919791535,3927.2727272727275,7.191657296801608,-53.2,-13.173840010236061,-13.131010446803863,-13.473276334133066,-13.421873208827018,38692.523104679276,8054.75555583193,8.545034357845853e-09,3.5938823295601536,14.451194664584254,38704.474989925446,8097.804602484442,8.544006264920985e-09,3.594496710269923,14.447953020368184,38725.92470437174,8594.41752269733,8.624991455891729e-09,3.5957387026922127,14.602216095050286,38851.80155303124,8684.268255142597,8.631875221215043e-09,3.59411333720203,14.534999856360923,38579.58479661548,8243.71215758118,8.558941508234089e-09,3.597774967241455,14.451194664584254,38471.00009576458,7925.466437119314,8.531331169356163e-09,3.5971605865316865,14.447953020368184,38704.23215642385,8569.242114692892,8.623179820565204e-09,3.5959185941093965,14.602216095050286,38637.17117455935,8622.956507606636,8.62745405849119e-09,3.5975439595995793,14.534999856360923
CC-discharge,55,1226834.6470642623,4000.0000000000005,7.18311115248202,-53.2,-13.16521500534493,-13.114388082529757,-13.484191992758554,-13.436204919366759,38896.408650384685,7834.765777038473,8.545034357720259e-09,3.589548417033367,14.717245725347698,38907.72593046947,7879.673959309836,8.544006265053883e-09,3.590269727728968,14.713058056018019,38931.69523186639,8372.700561172207,8.624991455925795e-09,3.591470863122883,14.87451375491788,39059.94682132232,8463.888486922182,8.631875221175502e-09,3.5898458227063528,14.806293574827528,38781.687419567905,8026.606751744906,8.5589415082075e-09,3.5935627354486526,14.717245725347698,38670.58010851805,7704.719542263305,8.531331169411119e-09,3.5928414247530513,14.713058056018019,38909.65795572624,8347.122756377452,8.623179820603755e-09,3.591640289359136,14.87451375491788,38841.89948803261,8401.596303611957,8.627454058503767e-09,3.593265329775667,14.806293574827528
CC-discharge,56,1226907.3743369896,4072.727272727273,7.174413532099074,-53.2,-13.155651649913763,-13.095871395867317,-13.496282145983546,-13.452194808235378,39100.15241167809,7614.926317611819,8.545034357715267e-09,3.585131060733861,14.983113065299806,39110.702201449414,7661.832711968787,8.54400626503135e-09,3.585974524284731,14.977808151759403,39137.6424006226,8150.7965060412935,8.624991455963009e-09,3.5871281434503963,15.147043796723354,39268.329155521074,8243.26225984936,8.631875221109258e-09,3.5855045021668057,15.077893572076034,38983.649497973376,7809.649694378868,8.558941508366763e-09,3.589282471365212,14.983113065299806,38869.890412530025,7484.265514244697,8.531331169361543e-09,3.588439007814343,14.977808151759403,39115.26010036218,8124.815964898219,8.623179820542455e-09,3.5872853886486773,15.147043796723354,39046.860975691394,8179.988544308148,8.627454058729422e-09,3.5889090299322683,15.077893572076034
CC-discharge,57,1226980.101609717,4145.454545454546,7.165537729180247,-53.2,-13.145122701184766,-13.075403764907447,-13.509571120968518,-13.469902412939275,39303.7336931694,7395.2592289829445,8.545034357666412e-09,3.58061604259839,15.24877745268464,39313.362439597135,7444.324682960087,8.54400626495382e-09,3.5815984850637865,15.242164466514705,39343.79167765213,7928.678228979083,8.624991455982136e-09,3.582697286913427,15.419830193359234,39476.98475059735,8022.351751574427,8.631875221138358e-09,3.5810761992716746,15.349833948047497,39185.450517417434,7592.862747788991,8.558941508448118e-09,3.584921686581857,15.24877745268464,39068.890391598135,7264.148701167506,8.531331169339934e-09,3.583939244116461,15.242164466514705,39321.06401467894,7902.294562693669,8.623179820790893e-09,3.5828404422668205,15.419830193359234,39252.09123832194,7958.095239077919,8.627454058839075e-09,3.5844615299085723,15.349833948047497
CC-discharge,58,1227052.8288824442,4218.181818181819,7.156450025249596,-53.2,-13.133555542772507,-13.052838375028243,-13.5241384573085,-13.48946762489075,39507.13642036394,7175.781714079252,8.545034357609736e-09,3.5759853275183744,15.514218647068049,39515.67414304084,7227.184464137451,8.544006265049277e-09,3.5771257806548618,15.506086104291834,39550.16257852788,7706.324837912163,8.624991455862172e-09,3.5781615671839746,15.692897966877185,39685.942363099915,7801.126785751297,8.63187522120961e-09,3.576544311834359,15.622150817116488,39387.07454397325,7376.262889347987,8.558941508383112e-09,3.580464697731222,15.514218647068049,39267.54813087044,7044.404109779819,8.53133116946019e-09,3.579324244594734,15.506086104291834,39527.089181553616,7679.537619773235,8.623179820583013e-09,3.578288458065621,15.692897966877185,39457.6185603999,7735.886077326822,8.627454058660538e-09,3.5799057134152372,15.622150817116488
CC-discharge,59,1227125.5561551715,4290.909090909091,7.147114162730487,-53.2,-13.120890602462945,-13.028055828598594,-13.540043942217343,-13.511009626721124,39710.34407062892,6956.511428478461,8.545034357572008e-09,3.5712195394697064,15.779415072777494,39717.60388452104,7010.447581784056,8.544006265138105e-09,3.5725393657525033,15.769529480086042,39756.77494773359,7483.715116043859,8.624991455679483e-09,3.573502999112161,15.966273546670372,39895.231788968755,7579.556143664533,8.631875221159215e-09,3.5718909895854885,15.89488291056711,39588.50519949218,7159.867543144996,8.558941508329335e-09,3.575894623260781,15.779415072777494,39465.83080681652,6825.067692465697,8.531331169529892e-09,3.574574796977984,15.769529480086042,39733.355412225304,7456.52388083311,8.623179820767421e-09,3.573611163618328,15.966273546670372,39663.47224872779,7513.3297014510035,8.627454058784557e-09,3.575223173145,15.89488291056711
CC-discharge,60,1227198.2834278988,4363.636363636364,7.137489814700764,-53.2,-13.107074816855512,-13.000951068781248,-13.557335493707676,-13.53463862065557,39913.339606210524,6737.466593255315,8.545034357716806e-09,3.5662971246435773,16.044344016406974,39919.11721947926,6794.1506775719945,8.544006265157335e-09,3.5678202812732493,16.03244874167574,39963.648990482616,7260.827435028403,8.624991455624321e-09,3.5687015823548487,16.239984450063556,40104.88399009904,7357.607361515758,8.631875221056899e-09,3.567096388833092,16.16807127670223,39789.72559521218,6943.69469135055,8.5589415085339e-09,3.5711926900571864,16.044344016406974,39663.70459698547,6606.17653037593,8.531331169476314e-09,3.5696695334275153,16.03244874167574,39939.88287805792,7233.231678274721,8.62317982066416e-09,3.568788232345915,16.239984450063556,39869.68275692559,7290.393503226341,8.627454058850166e-09,3.5703934258676715,16.16807127670223
CC-discharge,61,1227271.0107006258,4436.363636363637,7.12753227603248,-53.2,-13.092068862793262,-12.971448089816283,-13.576039602194442,-13.560443445196018,40116.10472598821,6518.666817022896,8.545034357841932e-09,3.5611941891032344,16.308981831352924,40120.17723900331,6578.33308967409,8.544006265154984e-09,3.562947503985016,16.2947962079242,40170.80613617124,7037.638805106237,8.624991455276948e-09,3.5637351488664972,16.51405894598176,40314.9324127462,7135.245310996509,8.631875221132867e-09,3.5621385224244864,16.441758974337095,39990.71759005115,6727.763685481596,8.558941508602808e-09,3.5663380869292456,16.308981831352924,39861.13325907843,6387.770433504571,8.53133116960757e-09,3.5645847720474646,16.2947962079242,40146.69297254686,7009.6379806133955,8.623179820465416e-09,3.563797127165982,16.51405894598176,40076.28298218744,7067.042198063201,8.627454058863548e-09,3.5653937536079936,16.441758974337095
CC-discharge,62,1227343.7379733531,4509.09090909091,7.117191984622584,-53.2,-13.0758498395131,-12.93950500040214,-13.596157918827236,-13.588487241257528,40318.62076670572,6300.1321535587185,8.545034358063153e-09,3.5558842442265717,16.573304242487332,40320.74636991401,6363.034981871897,8.544006265232202e-09,3.557897718020984,16.556523006815297,40378.26785642831,6814.126111255622,8.624991455508354e-09,3.558579126260771,16.78852558760824,40525.41148653675,6912.433737157264,8.631875221025001e-09,3.5569930266259013,16.715990597432587,40191.46268395753,6512.094316382223,8.558941508471589e-09,3.561307740396013,16.573304242487332,40058.07989852564,6169.89004735548,8.531331169710716e-09,3.5592942666016016,16.556523006815297,40353.80713134916,6785.719630876746,8.623179820628533e-09,3.558612858361814,16.78852558760824,40283.306788937356,6843.23936971962,8.627454060046218e-09,3.5601989579966844,16.715990597432587
CC-discharge,63,1227416.4652460804,4581.818181818182,7.106413998941907,-53.2,-13.058416708647698,-12.905124291136536,-13.61766057648066,-13.618798423735106,40520.86901481281,6081.882772539587,8.545034358294163e-09,3.5503379298861364,16.83728673287279,40520.78700936293,6148.296674945737,8.544006265193713e-09,3.5526450642158327,16.817579868345987,40586.05521743072,6590.2665870977025,8.624991455543704e-09,3.5532062796009782,17.0634126431164,40736.35613265472,6689.1357685685425,8.631875220947642e-09,3.5516329068097523,16.990811664755743,40391.94232702593,6296.706489277016,8.558941508614115e-09,3.55607606905577,16.83728673287279,40254.507591629095,5952.576176315536,8.53133116951953e-09,3.5537689347260737,16.817579868345987,40561.24638534987,6561.453821365843,8.623179820421726e-09,3.553207719340928,17.0634126431164,40490.78852508464,6618.947982731751,8.627454059540724e-09,3.5547810921321537,16.990811664755743
CC-discharge,64,1227489.1925188077,4654.545454545455,7.095137440659312,-53.2,-13.039796771592473,-12.868364625657632,-13.640478636912336,-13.651359965837562,40722.83113082946,5863.938519891306,8.545034358271465e-09,3.544522720068561,17.100905050855015,40720.262368676194,5934.157774388057,8.544006265152463e-09,3.5471608714598224,17.077918140232796,40794.18830077024,6366.038417918071,8.624991455260845e-09,3.5475864359281677,17.338747382645625,40947.801083776336,6465.3146079994185,8.631875220862775e-09,3.546028266217603,17.266267810104964,40592.138340148966,6081.61978988421,8.558941508665609e-09,3.550614720590751,17.100905050855015,40450.38021415717,5735.868900904368,8.531331169570067e-09,3.5479765691994887,17.077918140232796,40769.030782496426,6336.818697775297,8.623179820433067e-09,3.5475510047311443,17.338747382645625,40698.76235312771,6394.131076162297,8.627454059276012e-09,3.5491091744417074,17.266267810104964
CC-discharge,65,1227561.919791535,4727.272727272728,7.0832948842054755,-53.2,-13.020053082156467,-12.829353796475909,-13.664495940515433,-13.686097180852192,40924.48968642573,5646.318359810608,8.545034358957309e-09,3.53840260126925,17.364135857458542,40919.13751526828,5720.656090146449,8.544006265020225e-09,3.5414133616002648,17.33749105358768,41002.68550132719,6141.421473753394,8.624991455378458e-09,3.5416861825154773,17.614555206660047,41159.78001809491,6240.9344147026195,8.631875220708084e-09,3.5401460088593013,17.542403740879607,40792.03344740536,5866.852933752914,8.55894150849765e-09,3.544892282936226,17.364135857458542,40645.663464443176,5519.806484560635,8.531331169857946e-09,3.541881522605211,17.33749105358768,40977.17868685374,6111.79409360708,8.623179820737752e-09,3.541608701689998,17.614555206660047,40907.26139839015,6168.752649814279,8.627454058590353e-09,3.5431488753461746,17.542403740879607
CC-discharge,66,1227634.6470642623,4800.0,7.070811712681612,-53.2,-12.999293168187593,-12.78830349244421,-13.689540053601908,-13.722863285766293,41125.828704437896,5429.039817475787,8.5450343591507e-09,3.5319377343567164,17.626957536754944,41117.38038389513,5507.826594623471,8.544006264509353e-09,3.5353673366704896,17.596255268627274,41211.562842687,5916.39802084502,8.624991455163122e-09,3.535468548436139,17.890858600540017,41372.32470327161,6015.9611698612425,8.631875220670478e-09,3.5339495260266696,17.819261927411105,40991.611811344905,5652.42321628225,8.558941508634153e-09,3.5388739783248955,17.626957536754944,40840.32585637505,5304.424319144532,8.531331169844185e-09,3.535444376011122,17.596255268627274,41185.706095163434,5886.3622429172765,8.623179820822732e-09,3.5353431642454725,17.890858600540017,41116.316907030996,5942.778533526473,8.627454058485239e-09,3.536862186654942,17.819261927411105
CC-discharge,67,1227707.3743369896,4872.727272727273,7.057605288920415,-53.2,-12.977676146081127,-12.745519706880224,-13.715376072126535,-13.761428074912123,41326.83491494992,5212.117645505724,8.545034359300097e-09,3.525084018617341,17.889351166192004,41314.96414883525,5295.698909779279,8.544006264216776e-09,3.5289837784986595,17.854172674681056,41420.83247550156,5690.954320801277,8.624991455166169e-09,3.5288925943534624,18.167675935143336,41585.46289315484,5790.364869779229,8.631875220648219e-09,3.527398291782418,18.096881032064424,41190.86027809299,5438.345196663359,8.558941508435497e-09,3.532521270303074,17.889351166192004,41034.341048732305,5089.752381901379,8.53133116980305e-09,3.5286215104217553,17.854172674681056,41394.625137719915,5660.5093823811085,8.62317982110767e-09,3.5287126945669525,18.167675935143336,41325.95617728597,5716.1785901211515,8.627454058084576e-09,3.5302069971379963,18.096881032064424
CC-discharge,68,1227780.101609717,4945.454545454546,7.043584352153838,-53.2,-12.955423930013561,-12.701420760532278,-13.741696373818318,-13.801458935635845,41527.498094241084,4995.563490495109,8.545034358779018e-09,3.517792779053118,18.151301672011144,41511.867721238836,5084.296825129257,8.544006264196396e-09,3.5222195510359877,18.111212477382193,41630.50231620647,5465.080990272725,8.624991455070616e-09,3.5219131140512188,18.445020101263992,41799.21785834505,5564.119970021371,8.631875220450794e-09,3.520447569233166,18.37529403217097,41389.768713334226,5224.630368788129,8.558941508386412e-09,3.52579157310072,18.151301672011144,41227.688333552134,4875.814747676715,8.531331170040172e-09,3.5213648011178504,18.111212477382193,41603.943717696675,5434.226111618312,8.62317982088865e-09,3.5216712381026216,18.445020101263992,41536.202097738926,5488.927161518862,8.62745405808134e-09,3.5231367829206732,18.37529403217097
CC-discharge,69,1227852.8288824442,5018.181818181819,7.0286480427448765,-53.2,-12.932828995220335,-12.656547391933653,-13.76811553826746,-13.842508074578555,41727.81239397077,4779.384483549614,8.545034358504429e-09,3.5100102560399,18.412799176306436,41708.078123585365,4873.635783260629,8.544006264392411e-09,3.5150269273965136,18.367353569831344,41840.574567423886,5238.77457843692,8.624991454503228e-09,3.5144801512284873,18.72289698926486,42013.60618513819,5337.2076763355635,8.631875220513362e-09,3.5130479333230955,18.654526022173137,41588.33131987028,5011.28577026383,8.558941508635323e-09,3.5186377867049763,18.412799176306436,41420.35496770153,4662.627044276001,8.53133117034361e-09,3.5136211153483625,18.367353569831344,41813.66403402717,5207.508973543675,8.623179820909412e-09,3.5141678915163883,18.72289698926486,41747.07098240168,5261.005369856219,8.627454057762266e-09,3.5156001094217806,18.654526022173137
CC-discharge,70,1227925.5561551715,5090.909090909091,7.012685045165812,-53.2,-12.910261651794043,-12.611571542130228,-13.794166851881334,-13.883999954194401,41927.77753521735,4563.581974675515,8.545034358072484e-09,3.501677160324521,18.673840495973245,41903.59251102353,4663.720739032633,8.544006264140912e-09,3.507353170898068,18.622587094417845,42051.044480393975,5012.038888660887,8.624991454571765e-09,3.5065385744105964,19.001303882094643,42228.63581694474,5109.617980883146,8.631875220191385e-09,3.505144850566372,18.934591759837506,41786.5478212166,4798.312733395694,8.558941508528198e-09,3.511007884841291,18.673840495973245,41612.33815771121,4450.194285986913,8.531331170262784e-09,3.5053318742677444,18.622587094417845,42023.7813459049,4980.361778427329,8.623179821146407e-09,3.506146470755216,19.001303882094643,41958.57064428665,5032.40316277002,8.627454058493464e-09,3.5075401945994407,18.934591759837506
CC-discharge,71,1227998.2834278988,5163.636363636364,6.995572558698976,-53.2,-12.888173490996543,-12.567297432793797,-13.81930399126543,-13.925225084944236,42127.400415084805,4348.149810861012,8.545034357942752e-09,3.492728137549266,18.934430749940827,42098.42094272423,4454.5431928533835,8.544006264090204e-09,3.4991400348685557,18.876919104265564,42261.898748644475,4784.88671351568,8.624991454260621e-09,3.498027565717667,19.280227830005217,42444.303307637,4881.352548962589,8.631875220316825e-09,3.496678172248137,19.21549302285911,41984.425054166255,4585.705185846431,8.558941508734248e-09,3.50284442114971,18.934430749940827,41803.6477810732,4238.507871273529,8.53133117040181e-09,3.49643252383042,18.876919104265564,42234.28236914871,4752.797342057137,8.623179821038126e-09,3.49754499298131,19.280227830005217,42170.69769383689,4803.122212967615,8.627454058232965e-09,3.4988943864508393,19.21549302285911
CC-discharge,72,1228071.0107006258,5236.363636363637,6.977175601788213,-53.2,-12.867099728086675,-12.524662648748892,-13.842904251809196,-13.965333371355246,42326.69578270501,4133.073615787473,8.545034357810324e-09,3.4830914133573527,19.19458502488106,42292.587214369894,4246.080299766817,8.54400626385642e-09,3.4903234180294764,19.13037324650337,42473.11502377286,4557.340361366077,8.624991454303535e-09,3.488880274053057,19.55964407488476,42660.592804762455,4652.425779863475,8.631875219935915e-09,3.4875817889330394,19.497215835549007,42181.97763887085,4373.448939791456,8.558941509107042e-09,3.4940841884308607,19.19458502488106,41994.30720369503,4027.5446811783195,8.531331170223406e-09,3.4868521837587365,19.13037324650337,42445.1447928008,4524.838013286058,8.62317982075809e-09,3.4882953277351563,19.55964407488476,42383.43653883643,4573.176983799066,8.627454058404665e-09,3.489593812855174,19.497215835549007
CC-discharge,73,1228143.7379733531,5309.09090909091,6.957345758843367,-53.2,-12.84765608382097,-12.484730028948283,-13.864277794060001,-14.003336093170747,42525.6875158312,3918.32941101772,8.5450343577967e-09,3.472688142633891,19.454330033082147,42486.13085248693,4038.292720807871,8.544006264015025e-09,3.480832757188955,19.382993374560918,42684.66083232181,4329.432843831075,8.624991453891623e-09,3.479023190848776,19.83951460060061,42877.47387857679,4422.8670958587645,8.631875219866611e-09,3.477783008152623,19.779727648321998,42379.22924428142,4161.520331183898,8.558941508977008e-09,3.4846576162094753,19.454330033082147,42184.355238208234,3817.2649049059505,8.531331170066195e-09,3.4765130016544115,19.382993374560918,42656.33619780493,4296.516863646132,8.623179820638982e-09,3.478322567994591,19.83951460060061,42596.75724908123,4342.597028432748,8.627454059137171e-09,3.479562750690744,19.779727648321998
CC-discharge,74,1228216.4652460804,5381.818181818182,6.93592042709845,-53.2,-12.830524072117433,-12.448660754553977,-13.882689155102915,-14.038126018225677,42724.409918290105,3703.882178950088,8.545034357547745e-09,3.4614320240162995,19.713705590212836,42679.109190756,3831.12232584183,8.544006263980371e-09,3.470590661665683,19.634845806717504,42896.492560776715,4101.209026668282,8.624991453789011e-09,3.468375771752642,20.119786994026494,43094.89917910744,4192.723471375207,8.631875220000718e-09,3.467202171774846,20.062974740356303,42576.21387424674,3949.8848015521235,8.558941509049148e-09,3.474488403082151,19.713705590212836,42373.84818279048,3607.609715110633,8.531331169932511e-09,3.4653297654327666,19.634845806717504,42867.813043710965,4067.8788403224225,8.623179820469886e-09,3.467544655345808,20.119786994026494,42810.61325190693,4111.429530276955,8.627454059042062e-09,3.468718255323603,20.062974740356303
CC-discharge,75,1228289.1925188077,5454.545454545455,6.912721782572358,-53.2,-12.816430161028027,-12.417680651880215,-13.897383374627253,-14.068505812464503,42922.9083940793,3489.685076915961,8.545034357386974e-09,3.449228763082709,19.972765733981984,42871.59828760894,3624.4911115682894,8.544006263769405e-09,3.459512419731654,19.886020972439063,43108.55517186683,3872.7260096035507,8.624991453832949e-09,3.4568499175400715,20.400393787256093,43312.80313264501,3962.060893188295,8.631875220240958e-09,3.455752130326565,20.346880112383477,42772.97653571813,3738.49612240021,8.558941508967781e-09,3.463493019489649,19.972765733981984,42562.86072217416,3398.5001729233745,8.531331169745543e-09,3.453209362840705,19.886020972439063,43079.52038545648,3838.981146671948,8.623179820545878e-09,3.4558718650322864,20.400393787256093,43024.940050075566,3879.740769672287,8.62745405917562e-09,3.456969652245794,20.346880112383477
CC-discharge,76,1228361.919791535,5527.272727272728,6.88755630922045,-53.2,-12.80610986694376,-12.393023542646963,-13.907625795253612,-14.093240795155666,43121.23984169577,3275.678916803726,8.545034357243305e-09,3.4359758239137865,20.231579269618063,43063.693545779344,3418.3003869921813,8.544006263743728e-09,3.447505790015482,20.136634146121157,43320.7822512493,3644.0531821008194,8.624991453695748e-09,3.4443497323641363,20.68125246573974,43531.10088059345,3730.9656193043493,8.63187522041256e-09,3.4433379868429794,20.631342199329136,42969.57362963506,3527.295881655197,8.558941509012826e-09,3.451580485306663,20.231579269618063,42751.48653602115,3189.8364036519315,8.531331169753486e-09,3.4400505192049673,20.136634146121157,43291.391919960006,3609.8932980941327,8.623179820520655e-09,3.4432065768563134,20.68125246573974,43239.65417804659,3647.617388373913,8.627454059458322e-09,3.44421832237747,20.631342199329136
CC-discharge,77,1228434.6470642623,5600.000000000001,6.860213823216096,-53.2,-12.800264372524673,-12.375866029818486,-13.912746279650554,-14.111123318006289,43319.47210999274,3061.792627151211,8.545034357317587e-09,3.421561888372546,20.49022951446118,43255.50875702269,3212.4316096070397,8.54400626388197e-09,3.434470584826287,20.386824949883437,43533.09701695131,3415.2712632047087,8.624991453895322e-09,3.430771031435202,20.962266325082208,43749.68875393464,3499.543858129864,8.631875220537914e-09,3.4298565888706056,20.916234766128753,43166.07241152598,3316.2139397005735,8.558941508825968e-09,3.4386519348435503,20.49022951446118,42939.83736088756,2981.4984429956194,8.53133116986395e-09,3.425743238389809,20.386824949883437,43503.35099388151,3380.696160131623,8.623179820663609e-09,3.4294427917808945,20.962266325082208,43454.653668652325,3415.1660672931926,8.627454059531167e-09,3.4303572343454896,20.916234766128753
CC-discharge,78,1228507.3743369896,5672.727272727273,6.830466298432489,-53.2,-12.799509122884476,-12.367312796786152,-13.912200029189831,-14.120978051139545,43517.68243374124,2847.9450198077307,8.545034357150688e-09,3.4058661495532574,20.748813085121878,43447.16752168676,3006.755889508003,8.544006264572508e-09,3.4202982083776425,20.63675604914207,43745.41318121891,3186.471290813689,8.624991452884917e-09,3.4160007521377844,21.243326388807866,43968.45354008371,3267.911665876387,8.631875220122721e-09,3.415195931999565,21.201407507231234,43362.54944076826,3105.1701728762805,8.558941508480488e-09,3.424600148879231,20.748813085121878,43128.03456476377,2773.355855148158,8.53133116914267e-09,3.4101680900548463,20.63675604914207,43715.31146402403,3151.480935908911,8.623179820133753e-09,3.4144655462947044,21.243326388807866,43669.82716782934,3182.5033789577874,8.627454059074544e-09,3.415270366432924,21.201407507231234
CC-discharge,79,1228580.101609717,5745.454545454546,6.798068509492167,-53.2,-12.804239918566905,-12.367989261761311,-13.905669570959565,-14.122101248712221,43715.9594403015,2634.041355304283,8.54503435589227e-09,3.388758388264507,21.007436812813307,43638.82668916079,2801.1063647576048,8.544006264647448e-09,3.4048723755244668,20.886607585086992,43957.63670886681,2957.7540216820294,8.624991452121367e-09,3.3999172755773706,21.524314970627557,44187.245259947325,3036.2261703688428,8.631875217894328e-09,3.3992354317204385,21.486691136522666,43559.09256969909,2894.071083879445,8.558941508629908e-09,3.4093101212276604,21.007436812813307,43316.232164176225,2565.239776835182,8.531331168776514e-09,3.3931961339677006,20.886607585086992,43927.17945274182,2922.348565044511,8.623179822594036e-09,3.398151233914797,21.524314970627557,43885.02715857341,2949.7871502303337,8.627454062264165e-09,3.398833077771729,21.486691136522666
CC-discharge,80,1228652.8288824442,5818.181818181819,6.762754171173475,-53.2,-12.814654085260951,-12.37828116164556,-13.893064430549902,-14.11400032254359,43914.39045560451,2419.988394350498,8.545034356004575e-09,3.37009637725435,21.26621351992268,43830.63386188884,2595.3263827118267,8.544006263754139e-09,3.3880678316201833,21.13656991259615,44169.675467125395,2729.2180471708525,8.624991450294782e-09,3.382388551001688,21.8051102635721,44405.922548099516,2804.635114658175,8.631875217041658e-09,3.3818441191907094,21.77190428370707,43755.78836060876,2682.8246559171794,8.55894151089321e-09,3.392657793919125,21.26621351992268,43504.57509570755,2356.9916765266444,8.531331168352343e-09,3.374686339553292,21.13656991259615,44138.862981615115,2693.397817834618,8.623179824125525e-09,3.3803656201717875,21.8051102635721,44100.114596141415,2717.165781448019,8.627454060155065e-09,3.3809100519827666,21.77190428370707
CC-discharge,81,1228725.5561551715,5890.909090909091,6.724231780777709,-53.2,-12.830595577935783,-12.397997656707213,-13.874674463354754,-14.096732302002255,44113.06082771289,2205.693878734542,8.545034356182393e-09,3.349722208900699,21.525256445813554,44022.734544733394,2389.2597193317174,8.544006263530454e-09,3.3697500715151225,21.386835355205772,44381.44128157013,2500.95893549459,8.624991450680021e-09,3.363270144330695,22.085592474621638,44624.344095982415,2573.287871446365,8.631875216151668e-09,3.362878799621861,22.0568611789045,43952.72141521555,2471.339840411283,8.558941511016124e-09,3.37450957187701,21.525256445813554,43693.20623625379,2148.4534564374017,8.531331167713663e-09,3.3544817092625863,21.386835355205772,44350.27402393949,2464.7244359413085,8.623179823765647e-09,3.360961636447014,22.085592474621638,44314.95049172108,2484.7893098490454,8.627454060180234e-09,3.3613529811558482,22.0568611789045
CC-discharge,82,1228798.2834278988,5963.636363636364,6.682172546291737,-53.2,-12.851398209910105,-12.426083028325422,-13.851347028356516,-14.071171733407962,44312.046748102664,1991.0740095300105,8.545034357095158e-09,3.327452385892533,21.784670524478663,44215.259848175076,2182.763224395211,8.544006263600475e-09,3.3497734843299454,21.637583644953576,44592.85758247283,2273.061270277776,8.624991450831395e-09,3.3423995586660236,22.365653297770237,44842.380362336524,2342.323567396595,8.631875214606947e-09,3.3421787639803866,22.341385462090464,44149.967258721095,2259.533937156376,8.558941510126493e-09,3.354720160399203,21.784670524478663,43882.254328300354,1939.4802494062021,8.531331168273258e-09,3.332399061961791,21.637583644953576,44561.33613826344,2236.413156500711,8.623179824109565e-09,3.3397729876257136,22.365653297770237,44529.407430633684,2252.7974810496257,8.627454060563044e-09,3.3399937823113497,22.341385462090464
CC-discharge,83,1228871.0107006258,6036.363636363637,6.636179314665192,-53.2,-12.875615451153307,-12.46010112130028,-13.82481238242637,-14.039471045120047,44511.40339159045,1776.0655678125504,8.545034357808059e-09,3.303052648685841,22.044539349337892,44408.305915168414,1975.7276088897927,8.544006263954323e-09,3.327976084471154,21.888959242424544,44803.87251234779,2045.5853162956219,8.624991450758305e-09,3.3195816292787894,22.645210463535722,45059.93269539638,2111.8519761824673,8.63187521409146e-09,3.3195522609050734,22.625331348742264,44347.58058345317,2047.3445561164253,8.55894151079002e-09,3.333126665979351,22.044539349337892,44071.81377835357,1729.9614556118252,8.531331169308923e-09,3.3082032301940387,21.888959242424544,44771.9975539775,2008.5243536637074,8.623179823886187e-09,3.3165976853864025,22.645210463535722,44743.38838059698,2021.3005570896255,8.627454059890207e-09,3.316627053760119,22.625331348742264
CC-discharge,84,1228943.7379733531,6109.09090909091,6.585709529688392,-53.2,-12.900355363517034,-12.495030990602864,-13.798485797428162,-14.006127848451936,44711.147479991,1560.6431080505026,8.545034357554027e-09,3.276174742103958,22.30490269090022,44601.901865043794,1768.1088892607324,8.544006263896398e-09,3.3041671361972322,22.14103128395892,45014.47910315732,1818.5472102620467,8.624991450348365e-09,3.2945524297426343,22.924233677473648,45276.96233448595,1881.925376525197,8.631875214400962e-09,3.2947432786802264,22.908620226455113,44545.577965000026,1834.7465853861065,8.558941511400776e-09,3.3095347875844343,22.30490269090022,44261.91317981904,1519.8525639624052,8.531331169931998e-09,3.2815423934911596,22.14103128395892,44982.251314717025,1781.0741934308223,8.623179823039146e-09,3.2911570999457576,22.924233677473648,44956.85521724049,1790.3510492701844,8.62745406062879e-09,3.2909662510081654,22.908620226455113
CC-discharge,85,1229016.4652460804,6181.818181818182,6.52987443703633,-53.2,-12.919664472388455,-12.520469458011974,-13.779391076730473,-13.980474992869096,44911.21436851727,1344.8612294385646,8.545034357633959e-09,3.246189041500633,22.56571097207098,44795.93457583688,1560.00210054733,8.5440062642016e-09,3.2780972090103533,22.393713106672198,45224.76488726208,1591.8702122963098,8.624991449996568e-09,3.266885518938969,23.202798090343936,45493.55816067772,1652.472955489031,8.631875214745208e-09,3.2673457514296844,23.19131318444825,44743.89532387534,1621.7939082886355,8.558941510946912e-09,3.2836853955356973,22.56571097207098,44452.44145383742,1309.2497493443607,8.531331168936986e-09,3.2517772280259765,22.393713106672198,45192.18480620227,1553.9857966450627,8.623179823008073e-09,3.2629889180973617,23.202798090343936,45169.89536254479,1559.8778296199037,8.627454059595118e-09,3.2625286856066453,23.19131318444825
CC-discharge,86,1229089.1925188077,6254.545454545455,6.466887089012255,-53.2,-12.919787118642896,-12.51312091019029,-13.783546400061669,-13.983545571105156,45111.35890293086,1128.9502335988184,8.545034357356309e-09,3.211712201076239,22.826715533596552,44989.981825812596,1351.8022047384095,8.544006264927701e-09,3.249387172450904,22.64657765584596,45435.025527469996,1365.2750179620502,8.62499144943009e-09,3.235735581096226,23.481211600210525,45710.087307800546,1423.1575619972702,8.631875214860317e-09,3.236570860933151,23.47377803862981,44942.28964964571,1408.713806870261,8.558941510495705e-09,3.2551748879360156,22.826715533596552,44642.984004445934,1098.5527109073403,8.53133116963283e-09,3.217499916561351,22.64657765584596,45402.09319591316,1326.9793519571804,8.623179822928469e-09,3.2311515079160293,23.481211600210525,45382.86992340007,1329.5422471285485,8.627454059189737e-09,3.2303162280791047,23.47377803862981
CC-discharge,87,1229161.919791535,6327.272727272728,6.392405394481175,-53.2,-12.86464470858698,-12.416781187108182,-13.851216076475003,-14.067358027829838,45310.873855326296,913.5855916284864,8.54503435809144e-09,3.169139552134434,23.087164339932208,45182.88540681915,1144.6136970209743,8.544006264900077e-09,3.2173558955156807,22.898394848747966,45646.07070812754,1137.986153525062,8.624991449114635e-09,3.1990758042143685,23.760350615125038,45927.59299764941,1192.9999182001782,8.631875214776352e-09,3.2005644914510603,23.757120499225113,45140.05989891799,1196.1728958597762,8.558941510969992e-09,3.2232658423467413,23.087164339932208,44832.40354196078,888.8791911169651,8.531331170268062e-09,3.1750494989654943,22.898394848747966,45612.78481173082,1099.2779782163623,8.62317982289013e-09,3.1933295902668077,23.760350615125038,45596.80499585702,1098.3606672893993,8.627454064093962e-09,3.1918409030301165,23.757120499225113
CC-discharge,88,1229234.6470642623,6400.000000000001,6.29385605596495,-53.2,-12.651729934849993,-12.09768074989304,-14.086008651036261,-14.36458066422071,45507.755227249145,700.6822771355118,8.545034357192092e-09,3.1074253181886853,23.344905497946723,45371.71557986457,941.2464461965,8.544006264861469e-09,3.1805348758894887,23.146015676394445,45860.034699579825,907.9548116556657,8.624991448386256e-09,3.151130671507913,24.04254480429182,46148.84176628069,959.3915119816573,8.631875214575628e-09,3.1541772032522446,24.04431179914482,45335.21959764994,986.0610408890134,8.558941510928216e-09,3.1864307377762646,23.344905497946723,45017.8232415868,683.0727602477025,8.531331170043242e-09,3.1133211800754608,23.146015676394445,45826.39034844633,868.8291496877523,8.623179823010391e-09,3.142725384457037,24.04254480429182,45814.4216999583,863.7129731163284,8.62745406197133e-09,3.139678852712704,24.04431179914482
CC-discharge,89,1229307.3743369896,6472.727272727273,6.126379577270059,-53.2,-12.053365487522944,-11.372336353591672,-14.670503307173464,-15.103794851711923,45696.7749604853,495.2847090676708,8.54503435666371e-09,2.9856432039922254,23.59445191635453,45550.45559621351,747.6057426305553,8.54400626488158e-09,3.1342571785121915,23.38308655622762,46081.79194333229,670.4272022544156,8.624991448782715e-09,3.071902104338597,24.33301462205151,46380.129261817,716.2957184186614,8.63187521460463e-09,3.080532256896594,24.34197215789161,45522.58640555406,783.3565215348599,8.558941510848509e-09,3.140736373277834,23.59445191635453,45193.33502345997,487.1095365214236,8.531331169677064e-09,2.9921223987578682,23.38308655622762,46047.77608139476,630.8704485608962,8.623179823176221e-09,3.0544774729314628,24.33301462205151,46041.91233319326,619.5356836682453,8.627454060467928e-09,3.045847320373465,24.34197215789161
CC-discharge,90,1229380.101609717,6545.454545454546,5.651431465690456,-53.2,-11.44419802759396,-10.9931524172417,-15.218623357905644,-15.544026197258697,45873.760726848624,302.26514175965275,8.54503435746484e-09,2.586186044034972,23.831801042769854,45718.849625112816,565.2044793876984,8.544006265005723e-09,3.050916028188406,23.60900058421584,46314.2173266675,421.8068725897898,8.624991449216267e-09,2.861666833809237,24.634924992405846,46622.966422529666,461.02372103628545,8.63187521466136e-09,2.906315599339487,24.651546107881213,45698.02448029945,592.8677100792333,8.558941510823981e-09,3.0652454216554834,23.831801042769854,45358.68767740207,302.5205585917254,8.531331169837747e-09,2.60051543750205,23.60900058421584,46279.81208154891,381.7988948586899,8.62317982299157e-09,2.7897646318812193,24.634924992405846,46280.763029966256,363.1280203382902,8.62745406033911e-09,2.745115866350969,24.651546107881213
CC-discharge,91,1229431.9633570395,6597.31629277712,4.0000100000000725,-53.2,-11.754725838964752,-11.685207326580656,-15.057899508039295,-14.702167326415289,46002.79236960447,163.44676090875168,8.545034354286597e-09,1.0559387977133343,23.998903366064727,45847.28576793273,428.83905079413694,8.544006264974303e-09,2.906827845844595,23.772353273483137,46478.39010090405,244.7508670297118,8.624991450430891e-09,2.210260671625049,24.85300740611137,46786.55149834022,286.12071948330293,8.631875214550429e-09,2.4684278454203885,24.869410058713775,45825.92777699705,455.869431898002,8.558941510760391e-09,2.9440712022867377,23.998903366064727,45484.804127113304,164.51956758149808,8.531331167677602e-09,1.093182154155476,23.772353273483137,46443.70981647681,204.42154821678238,8.623179817105155e-09,1.7897493283750245,24.85300740611137,46441.66266008986,187.4469021683884,8.627454059810026e-09,1.5315821545796844,24.869410058713775
CC-charge,0,1229431.9633570395,0.0,5.256803546724262,53.2,15.649882637098042,15.772448613847175,10.785396779285778,10.992271969769003,46002.79236960447,163.44676090875168,8.545034354286597e-09,1.7231482525318405,0.0,45847.28576793273,428.83905079413694,8.544006264974303e-09,3.5019120506312067,0.0,46478.39010090405,244.7508670297118,8.624991450430891e-09,2.831075656896518,0.0,46786.55149834022,286.12071948330293,8.631875214550429e-09,3.081413393006496,0.0,45825.92777699705,455.869431898002,8.558941510760391e-09,3.533655294192422,0.0,45484.804127113304,164.51956758149808,8.531331167677602e-09,1.7548914960930557,0.0,46443.70981647681,204.42154821678238,8.623179817105155e-09,2.4257278898277446,0.0,46441.66266008986,187.4469021683884,8.627454059810026e-09,2.1753901537177667,0.0
CC-charge,1,1229504.6906297668,72.72727272727273,7.117670969061639,53.2,12.668835457199444,12.620916168015158,13.999872451668438,13.91037592311696,45738.093744443075,412.23739339051565,8.545034358442227e-09,3.4582957195089588,-0.0,45582.69716571344,676.2153321213881,8.544006988628287e-09,3.651688213650292,-0.0,46188.067298321876,517.3790629938932,8.624991532765645e-09,3.5755090757886503,-0.0,46495.511626352134,554.5622997267543,8.63187537411745e-09,3.5971766972473667,-0.0,45563.54386816371,701.3980345877541,8.558942415387247e-09,3.6593752495526806,-0.0,45224.994275981604,414.862902521141,8.531331173272507e-09,3.465982755411348,-0.0,46153.87339285514,477.54454272409373,8.62317985142685e-09,3.54216189327299,-0.0,46155.40055749872,457.0827444431667,8.627454079807801e-09,3.5204942718142727,-0.0
CC-charge,2,1229577.417902494,145.45454545454547,7.342913568584772,53.2,12.787499672116486,12.685400393824569,13.863517574458749,13.863582359600196,45539.30169978896,625.391684509353,8.545034787475208e-09,3.6345461068241516,-0.0,45385.295156164175,886.8938866832295,8.544009857414218e-09,3.7041087374042783,-0.0,45975.45934306946,745.9203570919235,8.624992874198935e-09,3.676750628174505,-0.0,46279.65230892485,782.249066405913,8.631877087809225e-09,3.6831697102082965,-0.0,45366.49020500438,911.7574793905068,8.558945597962456e-09,3.708367461760621,-0.0,45031.157556319704,628.0684148648769,8.53133161677887e-09,3.6388048311804932,-0.0,45941.621620565085,706.500632294911,8.623180835379609e-09,3.6661629404102665,-0.0,45943.08483028106,685.7824873072221,8.627454897284468e-09,3.659743858376476,-0.0
CC-charge,3,1229650.1451752214,218.1818181818182,7.437286927376507,53.2,12.864686289580275,12.738374349122312,13.785187650525772,13.811751710771649,45340.17460897539,839.9476210785035,8.545037108060051e-09,3.6975364445722954,-0.0,45187.97518577337,1098.429478989481,8.54401579217095e-09,3.736504038678881,-0.0,45764.958925477906,972.9968495375583,8.624997098323254e-09,3.7214272971403464,-0.0,46065.5249045057,1009.1234813445593,8.63188186246963e-09,3.72447173456758,-0.0,45169.10442556971,1123.5001552313129,8.55895194758601e-09,3.739750482804212,-0.0,44837.40139410198,842.1412780220514,8.531333960793493e-09,3.700782888697626,-0.0,45731.47385517052,933.9892675581955,8.623184489800835e-09,3.715859630236159,-0.0,45732.47258463524,913.6662785611342,8.627458264844424e-09,3.712815192808927,-0.0
CC-charge,4,1229722.8724479487,290.90909090909093,7.497989651515226,53.2,12.931385839621056,12.795816779205124,13.719816564690202,13.752980816483618,45140.03291386064,1055.6662642886724,8.545042453973644e-09,3.733334624973387,-0.0,44989.78908457925,1310.9078772605985,8.54402568077585e-09,3.7618234455180386,-0.0,45555.47481120407,1198.9460751147644,8.625005181999757e-09,3.750980903224731,-0.0,45852.339021323976,1235.0501298002569,8.631890655381285e-09,3.7529758179613566,-0.0,44970.71291427036,1336.3902576141802,8.558962389030666e-09,3.7646550265418393,-0.0,44642.79474432179,1057.1682866449466,8.531339320295174e-09,3.7361662059971876,-0.0,45522.340690476616,1160.3485950247534,8.623191854596239e-09,3.747008748290494,-0.0,45522.78640402618,1140.5980992554619,8.627465280135684e-09,3.7450138335538687,-0.0
CC-charge,5,1229795.599720676,363.6363636363637,7.546482655653552,53.2,12.988787792578151,12.849895390515453,13.663745518231485,13.697571298674918,44938.97702870919,1272.3991700562785,8.545051721505379e-09,3.760103063536871,-0.0,44790.737699817226,1524.319396143198,8.544040714160321e-09,3.7837823201577443,-0.0,45346.870056445834,1423.919990006746,8.625018211948652e-09,3.7748768535778305,-0.0,45640.04249713223,1460.0326430063176,8.631904612781997e-09,3.7764268585483283,-0.0,44771.4152072705,1550.2812759131375,8.558978164306444e-09,3.786379592116681,-0.0,44447.33843891451,1273.1396508174457,8.531348577872602e-09,3.7627003354958077,-0.0,45314.08541210202,1385.7308486536856,8.62320396458429e-09,3.7716058020757206,-0.0,45313.974982508276,1366.5816016777296,8.627476959483823e-09,3.7700557971052233,-0.0
CC-charge,6,1229868.326993403,436.3636363636364,7.58888792930537,53.2,13.035076563233027,12.894672885964788,13.61849874594022,13.651751804861973,44737.175126848415,1489.9689360931964,8.545066089371834e-09,3.7828628052558013,-0.0,44590.96074060045,1738.5333270372366,8.544062448434221e-09,3.803596940880654,-0.0,45138.983793422994,1648.0885126747648,8.625037677238234e-09,3.795868010504312,-0.0,45428.48819076285,1684.204466230042,8.631925289076521e-09,3.7971569180866047,-0.0,44571.37800727356,1764.9981199140232,8.559000882441456e-09,3.8060251240495693,-0.0,44251.16966369672,1489.9231069508598,8.531362902736802e-09,3.7852909884247166,-0.0,45106.54742177286,1610.3062573731547,8.623222243753808e-09,3.793019918801058,-0.0,45105.89359441526,1591.7508298518899,8.627494700863863e-09,3.7917310112187663,-0.0
CC-charge,7,1229941.0542661303,509.0909090909091,7.627240451374068,53.2,13.070410435205842,12.9286296513262,13.584014698034993,13.616945215432963,44534.80301508457,1708.186789173753,8.545087150487509e-09,3.8032327531063688,-0.0,44390.632504407666,1953.3700953191046,8.544092801096241e-09,3.821719209090552,-0.0,44931.64625336427,1871.6334703675116,8.625065492731862e-09,3.814882895933639,-0.0,45217.498285398004,1907.7464882221243,8.631954656535497e-09,3.8159735914747106,-0.0,44370.77558370074,1980.3544794737456,8.559032512527589e-09,3.8240076982676996,-0.0,44054.459568153005,1707.336937640753,8.531383870518014e-09,3.805521242283516,-0.0,44899.55723512805,1834.2569801671088,8.623248553428845e-09,3.8123575554404283,-0.0,44898.367342005164,1816.287481496109,8.627520343969638e-09,3.8112668598993564,-0.0
CC-charge,8,1230013.7815388576,581.8181818181819,7.662319371975467,53.2,13.096229614929124,12.952636151815327,13.558964640924948,13.5921695923306,44332.014153693,1926.883534318413,8.545116851845463e-09,3.821801718027197,-0.0,44189.91395155223,2168.6557114585185,8.54413394120034e-09,3.8383514553229214,-0.0,44724.70761327387,2094.719426542778,8.62510389181149e-09,3.832283008841415,-0.0,45006.91047113583,2130.8320495110406,8.63199499493525e-09,3.8332008306917746,-0.0,44169.76005486105,2196.1833694043735,8.559075270349873e-09,3.84051765394827,-0.0,43857.36620547961,1925.2050745078968,8.531413404235112e-09,3.8239679166525447,-0.0,44692.96528017599,2057.747880364902,8.62328508953827e-09,3.8300363631340515,-0.0,44691.2365798902,2040.3656712100192,8.627556079111968e-09,3.829118541283692,-0.0
CC-charge,9,1230086.508811585,654.5454545454546,7.694491590155697,53.2,13.11434410729823,12.968390782379222,13.541606380072519,13.575658730250028,44128.93275171218,2145.9198566958007,8.54515746002314e-09,3.8388206186343954,-0.0,43988.93851891996,2384.242316843661,8.54418823642332e-09,3.853613930907869,-0.0,44518.045688578255,2317.4828988873423,8.625155372526027e-09,3.8482426658011613,-0.0,44796.591154413334,2353.607320264653,8.632048833151124e-09,3.849001242552427,-0.0,43968.454543620195,2412.3472969046966,8.559131562951968e-09,3.8556709715213016,-0.0,43660.02060254933,2143.377889899367,8.531453738161578e-09,3.8408776592478264,-0.0,44486.649577035125,2280.9157240197123,8.623334332630012e-09,3.8462489243545352,-0.0,44484.36990760362,2264.132220863756,8.627604391888198e-09,3.8454903476032696,-0.0
CC-charge,10,1230159.2360843122,727.2727272727274,7.723988185677463,53.2,13.126453410880004,12.97764744118556,13.53027270146004,13.565626446474399,43925.655930310735,2365.1856940708158,8.545211406772072e-09,3.8544273122002095,-0.0,43787.81142989139,2600.011684813617,8.54425807385781e-09,3.867601558294983,-0.0,44311.56448103935,2540.032264433394,8.62522251156669e-09,3.862874490682169,-0.0,44586.43545673124,2576.1885796106003,8.632118757833175e-09,3.863484128212217,-0.0,43766.955321847076,2628.737643121284,8.559203805687152e-09,3.8695608734772535,-0.0,43462.52608229822,2361.7357390972975,8.531507265752289e-09,3.8563866273824794,-0.0,44280.51428829438,2503.869084734945,8.623398863264315e-09,3.861113694995294,-0.0,44277.66416835507,2487.703926527642,8.627667883299642e-09,3.8605040574652456,-0.0
CC-charge,11,1230231.9633570395,800.0000000000001,7.750998363961269,53.2,13.1339673232228,12.981917731437996,13.523564641471676,13.560550303867535,43722.25754307847,2584.5968732263577,8.545281241284778e-09,3.8687235088655596,-0.0,43586.61305092545,2815.872840268695,8.544345822225621e-09,3.880402709130573,-0.0,44105.1907097883,2762.450713291377,8.625307919636652e-09,3.8762721851488235,-0.0,44376.363559494326,2798.6649257747913,8.632207370168946e-09,3.876742510151697,-0.0,43565.33559730017,2845.271343348884,8.559294387723307e-09,3.882274855095709,-0.0,43264.961559681215,2580.1865516570056,8.531576496456177e-09,3.8705956548306943,-0.0,44074.48625585045,2726.691302813017,8.623481316565193e-09,3.874726178812444,-0.0,44071.040853866754,2711.1702808064447,8.627749220379943e-09,3.8742558538095704,-0.0
CC-charge,12,1230304.6906297668,872.7272727272727,7.775700238234879,53.2,13.13801264410513,12.98241428976489,13.520359305452828,13.559213760677157,43518.79591165015,2804.086754112287,8.545368640953537e-09,3.881800842051428,-0.0,43385.404363014786,3031.7563854541786,8.544452781216532e-09,3.892104508035289,-0.0,43898.86690170547,2984.8037292084473,8.625413133554077e-09,3.8885244759459545,-0.0,44166.31451105103,3021.1047484709206,8.63231616954688e-09,3.8888651224108095,-0.0,43363.65318161136,3061.882643541579,8.559404592486868e-09,3.893899396183451,-0.0,43067.38691431137,2798.6600865388295,8.531663069746734e-09,3.8835957301995903,-0.0,43868.50810287247,2949.447979006305,8.623583291541211e-09,3.887175762288925,-0.0,43864.44001308145,2934.5999730943972,8.627850046667358e-09,3.8868351158240704,-0.0
CC-charge,13,1230377.417902494,945.4545454545455,7.7982691157347785,53.2,13.139402865232485,12.9800558385547,13.519834304849269,13.56070699136355,43315.30935558489,3023.6114532090633,8.54547648123788e-09,3.8937487893295333,-0.0,43184.22882989308,3247.6128781066022,8.544581485988161e-09,3.9027934163993963,-0.0,43692.55443949422,3207.135272499359,8.625540990300222e-09,3.8997187744871833,-0.0,43956.2457365862,3243.555722761251,8.632447964666952e-09,3.8999394224145916,-0.0,43161.94605924815,3278.528245330963,8.559536965411044e-09,3.9045203264052453,-0.0,42869.84482491992,3017.1062998107495,8.53176981210208e-09,3.8954756993353823,-0.0,43662.541276757016,3172.183151920276,8.623707673300702e-09,3.8985503412475953,-0.0,43657.819770102455,3158.04088683136,8.627973296256402e-09,3.8983296933201874,-0.0
CC-charge,14,1230450.1451752214,1018.1818181818182,7.818878049896567,53.2,13.138782271469234,12.975559985641324,13.521338485911649,13.564319256977791,43111.8298988153,3243.134226256438,8.54560673719393e-09,3.9046560768544514,-0.0,42983.1205290862,3463.403339031436,8.544733432609206e-09,3.9125544067256595,-0.0,43486.22148006183,3429.4817287207998,8.625693264144603e-09,3.909941303145839,-0.0,43746.12346432893,3466.0558770819057,8.63260447677595e-09,3.910051531088433,-0.0,42960.24597409748,3495.1719013221636,8.559692985957413e-09,3.9142219730421153,-0.0,42672.368753558316,3235.4857312148843,8.53189865902298e-09,3.9063236431709067,-0.0,43456.55398776217,3394.9332709114033,8.623856308655731e-09,3.9089367467507268,-0.0,43451.14690755986,3381.5312141033446,8.628120870634001e-09,3.9088265188081337,-0.0
CC-charge,15,1230522.8724479487,1090.909090909091,7.837696095700091,53.2,13.136637465695488,12.969473928012897,13.52437770226508,13.56951090402654,42908.38180673797,3462.6272859123646,8.545761002105951e-09,3.9146100475178858,-0.0,42782.10481607152,3679.098788774936,8.544909702874127e-09,3.9214698590076624,-0.0,43279.843942063126,3651.8705677094244,8.625871292071197e-09,3.9192762012363525,-0.0,43535.922522551205,3688.6335272278143,8.632786982072966e-09,3.9192853202657965,-0.0,42758.576979364465,3711.786204871578,8.559873709394105e-09,3.923086048182205,-0.0,42474.98359775484,3453.7690389671657,8.532051171325584e-09,3.916226236692428,-0.0,43250.52219488479,3617.7258532713786,8.624030613922025e-09,3.9184198944637387,-0.0,43244.396666951245,3605.0993907570632,8.628294239035789e-09,3.918410775434294,-0.0
CC-charge,16,1230595.599720676,1163.6363636363637,7.854886279253462,53.2,13.133339024949613,12.962219493566625,13.528573709565034,13.575867771918732,42704.98353336631,3682.0695027782212,8.545940468464318e-09,3.92369554786439,-0.0,42581.200489963085,3894.67769935225,8.545110977076058e-09,3.9296186298382647,-0.0,43073.40357350805,3874.322622163391,8.62607597618888e-09,3.9278045254263247,-0.0,43325.62418869382,3911.3097741632077,8.63299631786201e-09,3.9277214443533053,-0.0,42556.9573676845,3928.350320202437,8.560079783285071e-09,3.931190731389072,-0.0,42277.707817089635,3671.9344218752435,8.532228516148389e-09,3.9252676494151983,-0.0,43044.4276767093,3840.5817670975675,8.624231569169089e-09,3.9270817538271383,-0.0,43037.55063307118,3828.76660570079,8.628494432399454e-09,3.927164834900156,-0.0
CC-charge,17,1230668.326993403,1236.3636363636365,7.870603896425594,53.2,13.12917195391429,12.95412563304414,13.533634123049875,13.583068289991699,42501.648974681906,3901.444955455549,8.546145865415848e-09,3.93199389795718,-0.0,42380.42107887555,4110.124509483983,8.545337501489638e-09,3.9370753655191946,-0.0,42866.88673144903,4096.853500777079,8.626307736618106e-09,3.9356034239948263,-0.0,43115.2148895766,4134.099987750829,8.633232840755344e-09,3.9354365566125904,-0.0,42355.40091352208,4144.848550486557,8.560311415215263e-09,3.9386099984684138,-0.0,42080.55469534637,3889.9661176598197,8.53243140625955e-09,3.933528530906398,-0.0,42838.256813147025,4063.5166471369344,8.624459669672474e-09,3.9350004724307674,-0.0,42830.59545555955,4052.5482915854486,8.62872199028591e-09,3.9351673398130025,-0.0
CC-charge,18,1230741.0542661303,1309.0909090909092,7.884995574272636,53.2,13.124359511576582,12.94545464577303,13.53932860889956,13.59085723375083,42298.38852706481,4120.741713127601,8.546377479147317e-09,3.939582254474581,-0.0,42179.776030327695,4325.428264887658,8.545589133508237e-09,3.9439101887618566,-0.0,42660.28332255752,4319.474801608085,8.626566554815586e-09,3.942745689937028,-0.0,42904.68502821303,4357.015127838577,8.633496470533575e-09,3.942502899376822,-0.0,42153.91792235,4361.269135639739,8.560568421961269e-09,3.9454133197980545,-0.0,41883.53350941526,4107.853027622407,8.532660122321292e-09,3.9410853855107804,-0.0,42631.99952777909,4286.542110459399,8.624714963461639e-09,3.9422498843356095,-0.0,42623.52169497865,4276.455452025701,8.628976994818213e-09,3.942492674895815,-0.0
CC-charge,19,1230813.7815388576,1381.818181818182,7.898198190189222,53.2,13.119078954452098,12.936418672320027,13.545473322954775,13.599029050273103,42095.20971512046,4339.951104117361,8.546635146952717e-09,3.9465329190747975,-0.0,41979.27132273503,4540.58190402956,8.545865351992294e-09,3.9501882982181327,-0.0,42453.58619561987,4542.194819544321,8.626851977312354e-09,3.9492992405696348,-0.0,42694.02836127374,4580.062460505778,8.63378669834019e-09,3.9489878156426763,-0.0,41952.515852967685,4577.603529916048,8.560850238930385e-09,3.951665271114425,-0.0,41686.6501297297,4325.587994340478,8.532914504854649e-09,3.948009891971089,-0.0,42425.64868136998,4509.6664652870195,8.624997052513628e-09,3.9488989496195868,-0.0,42416.323210483504,4500.495381222267,8.629259074139487e-09,3.9492103745465457,-0.0
CC-charge,20,1230886.508811585,1454.5454545454547,7.910339075079353,53.2,13.113474704854692,12.927194354181607,13.551917625413205,13.607413315550499,41892.11780742254,4559.067009652121,8.546918327665594e-09,3.9529133487074217,-0.0,41778.91019062035,4755.581434411938,8.546165335184533e-09,3.9559701576371085,-0.0,42246.79051404863,4765.019258843445,8.627163199988242e-09,3.9553272309118093,-0.0,42483.2412952074,4803.24634305294,8.63410267112074e-09,3.9549538830504716,-0.0,41751.19992787946,4793.84570467278,8.561156003117002e-09,3.9574257263719312,-0.0,41489.90773239815,4543.166968318958,8.533194025846188e-09,3.954368917442245,-0.0,42219.199445437094,4732.895424859275,8.625305176822819e-09,3.955011844167544,-0.0,42208.99646752068,4724.6724525213995,8.62956748265034e-09,3.9553851920288814,-0.0
CC-charge,21,1230959.2360843122,1527.2727272727275,7.921535699739116,53.2,13.10766630983379,12.917931000625643,13.55853620062401,13.61586648891656,41689.11615924795,4778.085464898843,8.54722614513448e-09,3.9587859174612086,-0.0,41578.693469512415,4970.42553196243,8.54648800771001e-09,3.9613114153463718,-0.0,42039.89341955963,4987.951621321862,8.627499115720093e-09,3.960887907485423,-0.0,42272.322540082234,5026.5686178904825,8.634443241557553e-09,3.9604587850612685,-0.0,41549.97347301981,5009.991754534269,8.561484597048393e-09,3.9627497822779074,-0.0,41293.30713785737,4760.588602677543,8.533497830541511e-09,3.960224284392745,-0.0,42012.64896648382,4956.232496337722,8.62563826238705e-09,3.960647792253694,-0.0,42001.540197333175,4948.988514080656,8.629901151521153e-09,3.961076914677847,-0.0
CC-charge,22,1231031.9633570395,1600.0000000000002,7.931896089375988,53.2,13.101754792479646,12.908757334174014,13.565222687315684,13.624265186030659,41486.2065306468,4997.004293509845,8.547557459251714e-09,3.964208082624571,-0.0,41378.61996138965,5185.115125639349,8.54683210534755e-09,3.9662631520758036,-0.0,41832.893708714524,5210.993572387367,8.627858389537812e-09,3.9660348208268537,-0.0,42061.272754477766,5250.029007140616,8.63480704112832e-09,3.9655555333878856,-0.0,41348.83823304577,5226.039536822636,8.561834718022382e-09,3.967688006751417,-0.0,41096.84716972324,4977.8538326981225,8.53382480536392e-09,3.9656329373001844,-0.0,41805.996043085994,5179.679347484647,8.625994993886841e-09,3.965861268549134,-0.0,41793.95504769052,5173.443285179711,8.630258762503592e-09,3.9663405559881024,-0.0
CC-charge,23,1231104.6906297668,1672.727272727273,7.941519108143895,53.2,13.095826701764418,12.899785540212015,13.57188566053782,13.63250209748575,41283.38927090962,5215.822893138043,8.54791091990219e-09,3.9692324970120554,-0.0,41178.68662958561,5399.6531730517345,8.547196225357417e-09,3.970872052602234,-0.0,41625.791649295614,5434.145150589758,8.628239513241188e-09,3.970816971589609,-0.0,41850.094352538144,5473.625328858861,8.635192537248053e-09,3.9702926213309184,-0.0,41147.79455419724,5441.98846005978,8.562204927247305e-09,3.9722866111318393,-0.0,40900.52484617458,5194.965648604875,8.53417363278514e-09,3.97064705554166,-0.0,41599.24094257964,5403.236016564621,8.62637387433472e-09,3.970702136554286,-0.0,41586.2433931054,5398.034573331069,8.630638806508798e-09,3.9712264868129767,-0.0
CC-charge,24,1231177.417902494,1745.4545454545455,7.950495073165072,53.2,13.089957164978019,12.89111436238004,13.5784455793125,13.64048289332944,41080.66345482216,5434.542077433261,8.548285023644827e-09,3.9739073078213165,-0.0,40978.88875356479,5614.044484072218,8.547578872834027e-09,3.9751807224853923,-0.0,41418.58884279405,5657.404923178662,8.628640861918137e-09,3.9752791185135785,-0.0,41638.791352569584,5697.353664568998,8.63559808617728e-09,3.97471433484567,-0.0,40946.84151934839,5657.839328278795,8.562593697611417e-09,3.9765877653437554,-0.0,40704.335531933815,5411.92891684593,8.534542845102415e-09,3.9753143506796795,-0.0,41392.3852637725,5626.901068147339,8.626773279919313e-09,3.975215954651494,-0.0,41378.40918591683,5622.75844246455,8.631039641534208e-09,3.975780738319402,-0.0
CC-charge,25,1231250.1451752214,1818.1818181818182,7.958906040628989,53.2,13.084212286069357,12.882831575556743,13.584832346026758,13.648123792347144,40878.02723289605,5653.163687319157,8.548678212935132e-09,3.97827628887781,-0.0,40779.22040078466,5828.295202508969,8.547978544851711e-09,3.979227842356282,-0.0,41211.287850076114,5880.770394617819,8.629060786999049e-09,3.9794619227850188,-0.0,41427.36893502869,5921.208833490825,8.636022027711924e-09,3.9788608998394546,-0.0,40745.97729518431,5873.593957839282,8.562999496186411e-09,3.9806297517511786,-0.0,40508.27340160596,5628.749855156187,8.53493092065245e-09,3.979678198272705,-0.0,41185.431563242084,5850.672002296409,8.627191555762837e-09,3.9794441178439706,-0.0,41170.45752153952,5847.609689099805,8.631459591774492e-09,3.980045140789534,-0.0
CC-charge,26,1231322.8724479487,1890.909090909091,7.966826569278386,53.2,13.07865038120181,12.875015025008357,13.590984103999144,13.655350489790683,40675.477831519835,5871.690585304648,8.549088896877017e-09,3.982379233829509,-0.0,40579.67440132084,6042.412829736823,8.548393744980755e-09,3.983048541114484,-0.0,41003.89219851214,6104.238002857469,8.62949763630029e-09,3.9834023282208664,-0.0,41215.833460504255,6145.18437628672,8.63646270284224e-09,3.9827688615093986,-0.0,40545.199132348826,6089.255172048849,8.563420800533457e-09,3.9844473354488774,-0.0,40312.33141476378,5845.436056258464,8.535336307923915e-09,3.9837780281639015,-0.0,40978.383362446824,6074.545250799033,8.627627038574013e-09,3.9834242410575196,-0.0,40962.39465614389,6072.581825933473,8.631896968295543e-09,3.9840577077689887,-0.0
CC-charge,27,1231395.599720676,1963.6363636363637,7.974324203097284,53.2,13.07332288314228,12.867733398360269,13.596846335796437,13.66209738270101,40473.011660107186,6090.126535978295,8.549515495904526e-09,3.986252204025658,-0.0,40380.24248969869,6256.406069068482,8.548823014613855e-09,3.9866746325447298,-0.0,40796.4062695004,6327.803242048432,8.629949792300575e-09,3.9871338016986386,-0.0,41004.19233493896,6369.272699153686,8.63691849167848e-09,3.98647132435953,-0.0,40344.50347165377,6304.826683525563,8.563856129979188e-09,3.9880719990716265,-0.0,40116.501455215504,6061.996330100276,8.53575746335309e-09,3.987649570552556,-0.0,40771.245035447246,6298.51630005793,8.628078094310096e-09,3.9871904013986454,-0.0,40754.22787409633,6297.667226459766,8.63235011020541e-09,3.987852878737756,-0.0
CC-charge,28,1231468.326993403,2036.3636363636365,7.981460043505534,53.2,13.068274902463376,12.86104666570353,13.602371305150934,13.668307126682153,40270.62434782073,6308.476163960322,8.549956461904313e-09,3.989927827375056,-0.0,40180.91535870483,6470.2847662464565,8.549264948298931e-09,3.990134891036,-0.0,40588.835260987435,6551.46070410322,8.630415689966331e-09,3.99068661752512,-0.0,40792.45395716008,6593.46513021025,8.637387829439382e-09,3.9899982349607908,-0.0,40143.88598048377,6520.313052931431,8.56430405922738e-09,3.9915322161304774,-0.0,39920.774383846554,6278.440643426492,8.536192875111249e-09,3.9913251524695337,-0.0,40564.021771481144,6522.579732696427,8.628543138670969e-09,3.990773425980413,-0.0,40545.96543634716,6522.857181526907,8.632817406508178e-09,3.9914618085447438,-0.0
CC-charge,29,1231541.0542661303,2109.0909090909095,7.988289189483317,53.2,13.0635459730606,12.855006854602424,13.607517266748507,13.673929905588471,40068.310980462564,6526.7446940260725,8.550410332214404e-09,3.9934355288715495,-0.0,39981.68298806192,6684.059552573744,8.54971823538912e-09,3.9934552630607394,-0.0,40381.18493289684,6775.204354339324,8.63089386547561e-09,3.9940880760493433,-0.0,40580.62741179781,6817.752245955207,8.63786925617032e-09,3.993376599100012,-0.0,39943.34178761373,6735.719432831438,8.564763261327182e-09,3.9948536606117675,-0.0,39725.14036135595,6494.779758327313,8.536641114069036e-09,3.9948339264225767,-0.0,40356.719320820746,6746.729503650362,8.629020687741009e-09,3.994201113433973,-0.0,40337.616278392095,6748.142227131861,8.633297345410516e-09,3.994912590383304,-0.0
CC-charge,30,1231613.7815388576,2181.818181818182,7.994861360382636,53.2,13.059170203253778,12.849658099116427,13.6122483222581,13.678923375371692,39866.06607113213,6744.937982742573,8.550875727619415e-09,3.996801860526638,-0.0,39782.534611293246,6897.741881123187,8.55018165393174e-09,3.9966591628586494,-0.0,40173.46164090818,6999.027495367986,8.631382951986739e-09,3.9973628125939524,-0.0,40368.722497473005,7042.123841301242,8.638361409714934e-09,3.996630787920087,-0.0,39742.86545412504,6951.051599039336,8.565232500012023e-09,3.998059499855998,-0.0,39529.58881572153,6711.02526877396,8.537100832046522e-09,3.998202197523986,-0.0,40149.34402849924,6970.958903975039,8.62950935266941e-09,3.997498547788683,-0.0,40129.190037995526,6973.512114274462,8.633788511203209e-09,3.9982305724625484,-0.0
CC-charge,31,1231686.508811585,2254.545454545455,8.001221304295305,53.2,13.055176558629828,12.845036914903483,13.616534114361011,13.683252412105682,39663.883672201635,6963.062395999394,8.551351370158048e-09,4.000050717808209,-0.0,39583.45887843369,7111.343850582298,8.550654082780372e-09,3.9997676662020893,-0.0,39965.67221681858,7222.922896758834,8.631881693307031e-09,4.000532999973152,-0.0,40156.74957358895,7266.5690924812825,8.638863040052475e-09,3.9997827385064504,-0.0,39542.451084400825,7166.315829931548,8.565710643229133e-09,4.0011705864870954,-0.0,39334.108601969914,6927.189422186238,8.537570779114425e-09,4.0014536380932135,-0.0,39941.90271486855,7195.2606907231575,8.630007855946228e-09,4.000688304322151,-0.0,39920.69690449784,7198.955972529439,8.634289601361211e-09,4.0014385657888525,-0.0
CC-charge,32,1231759.2360843122,2327.2727272727275,8.007409257180804,53.2,13.051589084526208,12.84117244303933,13.620349583197683,13.686888889236785,39461.757452898826,7181.12472444881,8.55183609041496e-09,4.003203584013961,-0.0,39384.44397247002,7324.87807955535,8.551134505792034e-09,4.00279972727263,-0.0,39757.823886214916,7446.882884335745,8.632388949452673e-09,4.003618576056774,-0.0,39944.7194499142,7491.076674469565,8.639373015065168e-09,4.002852179058325,-0.0,39342.09240302811,7381.518823117455,8.566196665592888e-09,4.004205673166842,-0.0,39138.688116516096,7143.284992115195,8.538049811515657e-09,4.0046095299081745,-0.0,39734.40259340961,7419.627176382187,8.63051503602405e-09,4.00379068112403,-0.0,39712.14751021283,7424.462427948134,8.634799430855388e-09,4.0045570781224775,-0.0
CC-charge,33,1231831.9633570395,2400.0,8.013461356279592,53.2,13.04842709901388,12.838086686434544,13.62367475232583,13.689811462225748,39259.680773877466,7399.132102373759,8.552328831061982e-09,4.006279750757389,-0.0,39185.47772210227,7538.357584865668,8.55162201136673e-09,4.005772373514788,-0.0,39549.92418943666,7670.89942597822,8.632903697534247e-09,4.006637448612831,-0.0,39732.64327950417,7715.634875006011,8.639890319255712e-09,4.005856831454547,-0.0,39141.782828720745,7596.667615465604,8.566689647993873e-09,4.007181605522203,-0.0,38943.31540788506,7359.325155002286,8.538536894803687e-09,4.007688982764804,-0.0,39526.8511918304,7644.050314820492,8.631029850618551e-09,4.006823907666762,-0.0,39503.552825104925,7650.01971755952,8.635316935087811e-09,4.007604524825045,-0.0
CC-charge,34,1231904.6906297668,2472.727272727273,8.019410022462864,53.2,13.045705383670915,12.835794769280705,13.626494516818125,13.692005330230252,39057.646758786104,7617.091929897555,8.552828647050161e-09,4.009296522205082,-0.0,38986.547710394516,7751.795664247694,8.552115791419341e-09,4.008700885543166,-0.0,39341.980905840974,7894.964213959864,8.633425030518496e-09,4.009605684712479,-0.0,39520.53245538787,7940.231704804627,8.64041405350647e-09,4.008812598463054,-0.0,38941.515545259215,7811.769506394627,8.567188776724672e-09,4.010113500257782,-0.0,38747.97828340544,7575.323371402554,8.539031103555324e-09,4.010709136919698,-0.0,39319.25627645457,7868.521783766297,8.631551373762536e-09,4.009804337750386,-0.0,39294.92405517333,7875.615800048135,8.635841168865317e-09,4.01059742399981,-0.0
CC-charge,35,1231977.417902494,2545.4545454545455,8.025284314796236,53.2,13.043434202868383,12.834305116297644,13.628798604609292,13.693462076224687,38855.64827821221,7835.011892935758,8.553334687541665e-09,4.012269404884617,-0.0,38787.64133955888,7965.205830972287,8.552615122868672e-09,4.011598963558229,-0.0,39134.002064109874,8119.068652125652,8.63395213830674e-09,4.012537686313233,-0.0,39308.39855140829,8164.854957540296,8.640943415558622e-09,4.011733737171553,-0.0,38741.283485576074,8026.832077551924,8.567693325153524e-09,4.013014909911619,-0.0,38552.664372820545,7791.29331983793,8.539531603706787e-09,4.013685351238007,-0.0,39111.62586251448,8093.032971963553,8.632078777272266e-09,4.012746628483005,-0.0,39086.272584262086,8101.238416013164,8.636371286266679e-09,4.0135505776246845,-0.0
CC-charge,36,1232050.1451752214,2618.1818181818185,8.031110241559428,53.2,13.041622520220908,12.833620735673989,13.630578424496077,13.694178319609032,38653.679549633685,8052.898192447473,8.553846498263952e-09,4.01521227299442,-0.0,38588.746339178135,8178.601206942942,8.553119640590053e-09,4.014478874481188,-0.0,38925.994407009006,8343.205540196293,8.634484586493278e-09,4.015446344385769,-0.0,39096.252772259155,8389.492832316013,8.64147797115409e-09,4.014633011489214,-0.0,38541.08091771422,8241.86144636238,8.568202917358937e-09,4.0158979685650085,-0.0,38357.36162732712,8007.248281597665,8.540037960411518e-09,4.016631367078242,-0.0,38903.96668147898,8317.576666395438,8.63261161528072e-09,4.015663897173659,-0.0,38877.60943312628,8326.875712871046,8.636906824528832e-09,4.0164772300702145,-0.0
CC-charge,37,1232122.8724479487,2690.909090909091,8.036911080647252,53.2,13.040269325782242,12.833736428553552,13.631835503384623,13.694158742279583,38451.731604257766,8270.760574752103,8.554363123040682e-09,4.018137542470397,-0.0,38389.84939403073,8391.996193794874,8.553628525698949e-09,4.017351600029357,-0.0,38717.96774383811,8567.364286398088,8.635021484190623e-09,4.0183431973909,-0.0,38884.10744128738,8614.132225164358,8.642016844711696e-09,4.017521848138994,-0.0,38340.89895131324,8456.867227317887,8.56871674077343e-09,4.0187735381768555,-0.0,38162.05697219001,8223.202834768475,8.540549224590508e-09,4.019559480617894,-0.0,38696.288526213895,8542.142256621568,8.633148977292026e-09,4.0185678832563525,-0.0,38668.94672281126,8552.514529711718,8.637446860206984e-09,4.0193892325082565,-0.0
CC-charge,38,1232195.599720676,2763.636363636364,8.04270755300804,53.2,13.039369118774513,12.834635759026481,13.632576743519522,13.693418378679493,38249.79725398991,8488.606796844064,8.55488398954564e-09,4.021056302907692,-0.0,38190.938495097034,8605.403680043406,8.55414130099998e-09,4.020226874494729,-0.0,38509.930090690905,8791.536284181666,8.635562302188662e-09,4.021238511055699,-0.0,38671.97361529461,8838.76145347768,8.642559514743442e-09,4.020410403431581,-0.0,38140.73046113406,8671.85707299174,8.569234318742729e-09,4.021651250100348,-0.0,37966.738615287235,8439.170024939282,8.541064832460861e-09,4.0224806785133085,-0.0,38488.599399383944,8766.721120848202,8.633690320904757e-09,4.021469041952337,-0.0,38460.295328606684,8778.143132874638,8.63799083961859e-09,4.022297149576456,-0.0
CC-charge,39,1232268.326993403,2836.3636363636365,8.048518254465687,53.2,13.038927529028747,12.836322556922864,13.632796117140275,13.691953796908113,38047.869754264284,8706.444149831406,8.555408723257358e-09,4.023978374041298,-0.0,37992.00148611126,8818.83674534602,8.554657668066057e-09,4.023113580421708,-0.0,38301.88907462415,9015.713319030736,8.636106699606025e-09,4.0241415184883795,-0.0,38459.862449530105,9063.368689353882,8.643105644301508e-09,4.02330785270575,-0.0,37940.56876159098,8886.838176795949,8.569755350167956e-09,4.024539880424388,-0.0,37771.39461990807,8655.163090568734,8.541584419253522e-09,4.025404674043978,-0.0,38280.906915268606,8991.30502994333,8.634235295031773e-09,4.024376735977307,-0.0,38251.666222635795,9003.749642551855,8.638538400777344e-09,4.025210401759936,-0.0
CC-charge,40,1232341.0542661303,2909.0909090909095,8.054359864834199,53.2,13.038931654510858,12.838768006226113,13.6325086449155,13.68979169434753,37845.942211099646,8924.28010489493,8.555936957550956e-09,4.026912697084857,-0.0,37793.02663563541,9032.308042240751,8.555177332466162e-09,4.0260195384314015,-0.0,38093.85241903935,9239.887051636093,8.63665434761118e-09,4.027060481904829,-0.0,38247.78472625269,9287.942472787665,8.643654909710762e-09,4.026222368064898,-0.0,37740.40701898959,9101.817909884669,8.570279540909592e-09,4.027447167749342,-0.0,37576.01346649685,8871.194837855597,8.54210762477081e-09,4.028340326402796,-0.0,38073.218784331635,9215.885629747336,8.634783560877045e-09,4.027299382929368,-0.0,38043.07001015368,9229.322548444086,8.63908919613571e-09,4.028137496769299,-0.0
CC-charge,41,1232413.7815388576,2981.818181818182,8.060247116446426,53.2,13.039371104097965,12.841949210981205,13.63172620612076,13.686953478800072,37644.00788808107,9142.121967442316,8.556468397945632e-09,4.029867120389663,-0.0,37594.00255794964,9245.829859088055,8.555700062919688e-09,4.0289517103753,-0.0,37885.82767020553,9464.049324798769,8.637204987912935e-09,4.030002706542879,-0.0,38035.7509043495,9512.471675790635,8.64420705743977e-09,4.029161190689307,-0.0,37540.23855582042,9316.803480049284,8.570806660185483e-09,4.030379996056763,-0.0,37380.58397497099,9087.277704239668,8.542634159642966e-09,4.031295406071127,-0.0,37865.54254019744,9440.454748502721,8.635334851664761e-09,4.030244409903547,-0.0,37834.51697835101,9454.850673659408,8.639642951284348e-09,4.03108592575712,-0.0
CC-charge,42,1232486.508811585,3054.545454545455,8.066193130402178,53.2,13.040232966555553,12.845839519498849,13.63046340159516,13.68346411235044,37442.060252129864,9359.976829279403,8.557002815445331e-09,4.032848631850277,-0.0,37394.91828433551,9459.414046631593,8.556225685168999e-09,4.031916299339037,-0.0,37677.82214799231,9688.192215059706,8.637758426318098e-09,4.032974699341477,-0.0,37823.77105230838,9736.945571039347,8.644761897502202e-09,4.032130772031336,-0.0,37340.05689613721,9531.801884502609,8.57133653468416e-09,4.033344498551901,-0.0,37185.09537471983,9303.423684095716,8.543163798647954e-09,4.034276831063141,-0.0,37657.8854904719,9665.004448587588,8.635888965767165e-09,4.0332184310607015,-0.0,37626.017030430514,9680.323243673129,8.640199458120197e-09,4.034062358370844,-0.0
CC-charge,43,1232559.2360843122,3127.2727272727275,8.072209582823962,53.2,13.041502099122956,12.85040897329048,13.628737253007499,13.679351674579067,37240.09300668706,9577.85153212042,8.557540040306268e-09,4.035863447883505,-0.0,37195.7633119797,9673.071964322,8.556754076609547e-09,4.034918827685896,-0.0,37469.84291045851,9912.308071966212,8.638314526386149e-09,4.035982251260429,-0.0,37611.854802088455,9961.353882236765,8.645319297055612e-09,4.035136855084934,-0.0,37139.85579844257,9746.81987384971,8.571869042953517e-09,4.036346134940458,-0.0,36989.53735262106,9519.644274428065,8.543696374918168e-09,4.037290755138067,-0.0,37450.25468139233,9889.527065849366,8.63644576035684e-09,4.036227331563535,-0.0,37417.579640230935,9905.72993692171,8.640758568407324e-09,4.037072727739029,-0.0
CC-charge,44,1232631.9633570395,3200.0000000000005,8.078306855505478,53.2,13.043161413851864,12.85562475158831,13.62656690467389,13.674646929885938,37038.10012055149,9795.752635797087,8.55807995616934e-09,4.038917094019231,-0.0,36996.52764618256,9886.814433854302,8.557285161154626e-09,4.037964207802821,-0.0,37261.896722901474,10136.389552491732,8.638873203581124e-09,4.03903051187626,-0.0,37400.011309508984,10185.686827514759,8.645879174615598e-09,4.038184548035694,-0.0,36939.629284275514,9961.863920691247,8.572404110237709e-09,4.039389761486247,-0.0,36793.90009449033,9735.950427865897,8.544231773997576e-09,4.040342647702657,-0.0,37242.6568669186,10114.015244094753,8.637005145497954e-09,4.039276343629217,-0.0,37209.21381326724,10131.060928404937,8.64132018766427e-09,4.040122307469784,-0.0
CC-charge,45,1232704.6906297668,3272.727272727273,8.084494172339044,53.2,13.045192158489003,12.861451606767263,13.62397333088142,13.669382903862315,36836.075852483504,10013.686391024941,8.55862249473721e-09,4.042014477846416,-0.0,36797.20183606101,10100.651699688322,8.55781890458351e-09,4.041056806198397,-0.0,37053.99003121944,10360.429650767888,8.639434420055472e-09,4.042124056941005,-0.0,37188.249220979065,10409.935156089754,8.646441494912815e-09,4.04127839097013,-0.0,36739.371662604164,10176.94019273257,8.572941703775436e-09,4.042479694492628,-0.0,36598.17432013731,9952.352512731723,8.544769928792403e-09,4.043437366140647,-0.0,37035.098482153924,10338.461964876416,8.6375670787694e-09,4.042370115398039,-0.0,37000.92805400788,10356.30692651093,8.641884269590981e-09,4.043215781368913,-0.0
CC-charge,46,1232777.417902494,3345.454545454546,8.090779722825813,53.2,13.047574189040956,12.867852286624307,13.62097905138852,13.663594472946222,36634.014771750546,10231.658716572245,8.559167630849401e-09,4.0451599550140775,-0.0,36597.77700399748,10314.5933963149,8.558355310333802e-09,4.044200501563341,-0.0,36846.128939465925,10584.421723276046,8.639998179744108e-09,4.045266949549218,-0.0,36976.576646308924,10634.090178414091,8.647006264049338e-09,4.044422416282241,-0.0,36539.07755018291,10392.054530234023,8.573481828521234e-09,4.045619767811735,-0.0,36402.35131228372,10168.860279924864,8.545310814741354e-09,4.046579221262472,-0.0,36827.58562092286,10562.860572734497,8.63813156035173e-09,4.045512773276594,-0.0,36792.73033913046,10581.459203311535,8.642450811238639e-09,4.046357306543574,-0.0
CC-charge,47,1232850.1451752214,3418.1818181818185,8.09717077387181,53.2,13.050286231564144,12.87478794008571,13.617607857346076,13.657317971004069,36431.91177477908,10449.675180633225,8.55971537805648e-09,4.0483573889340505,-0.0,36398.24486911777,10528.648521957808,8.5588944156926e-09,4.0473987373559694,-0.0,36638.31919137602,10808.35950969718,8.64056452415374e-09,4.048462795509219,-0.0,36765.00113732774,10858.143790129281,8.647573525148797e-09,4.047620203365572,-0.0,36338.74188806908,10607.212427608234,8.574024523298904e-09,4.048813384937759,-0.0,36206.42293961659,10385.482836324496,8.545854445518607e-09,4.049772036515841,-0.0,36620.12401734074,10787.204796081762,8.638698628602692e-09,4.048707978362591,-0.0,36584.62809649287,10806.509618624263,8.64301984819814e-09,4.04955057050624,-0.0
CC-charge,48,1232922.8724479487,3490.909090909091,8.103673770991186,53.2,13.053306131129718,12.882218503519573,13.613884549591996,13.65059081575872,36229.762098140964,10667.7409861819,8.560265784643124e-09,4.051610204788006,-0.0,36198.59776510624,10742.825418391018,8.55943628839272e-09,4.050654569437078,-0.0,36430.566155695626,11032.237149623426,8.641133528425373e-09,4.0517147934733035,-0.0,36553.529671977325,11082.088490134185,8.648143354625623e-09,4.050874928138786,-0.0,36138.35995448968,10822.419018957222,8.574569857366513e-09,4.052063566203181,-0.0,36010.3816742826,10602.228624380505,8.546400869130683e-09,4.05301920155411,-0.0,36412.71903115822,11011.488763956535,8.63926835615599e-09,4.051958977517882,-0.0,36376.62818948379,11031.450638168557,8.6435914509136e-09,4.0527988428524,-0.0
CC-charge,49,1232995.599720676,3563.636363636364,8.110294429950791,53.2,13.056611086326125,12.890103065439506,13.6098346908458,13.643451157388574,36027.56132810245,10885.860960072703,8.560818930083146e-09,4.0549214383948895,-0.0,35998.82865271485,10957.131756512463,8.55998102359148e-09,4.053970709237746,-0.0,36222.87481507821,11256.049195371708,8.641705297956941e-09,4.055025780339043,-0.0,36342.168643540084,11305.917393150912,8.648715858752573e-09,4.054189407910059,-0.0,35937.92737430718,11037.679067296012,8.575117927361707e-09,4.0553729915559025,-0.0,35814.22060416933,10819.1054075224,8.546950164476255e-09,4.056323720713045,-0.0,36205.37563667915,11235.70701885516,8.639840846416597e-09,4.055268649611747,-0.0,36168.7369064336,11256.275346191327,8.644165720920984e-09,4.056105022040732,-0.0
CC-charge,50,1233068.326993403,3636.3636363636365,8.117037819811566,53.2,13.060177868032204,12.898400207898922,13.605484373039543,13.635937551029336,35825.30540696063,11104.03954562447,8.561374921895621e-09,4.058293780452288,-0.0,35798.93112729446,11171.574527306297,8.560528741201668e-09,4.057349562907095,-0.0,36015.249758321595,11479.79062113718,8.642279965395568e-09,4.0583982723945216,-0.0,36130.92385464183,11529.62423714489,8.649291170675435e-09,4.05756614204684,-0.0,35737.440125301546,11252.99695722641,8.57566885460753e-09,4.058744039359278,-0.0,35617.93344030237,11036.120261026465,8.547502438266285e-09,4.059688256904473,-0.0,35998.09841501483,11459.854525903604,8.640416230484326e-09,4.0586395474170445,-0.0,35960.95995470986,11480.977452927053,8.644742787768144e-09,4.059471677764727,-0.0
CC-charge,51,1233141.0542661303,3709.0909090909095,8.123908438246856,53.2,13.0639830215886,12.907068323394865,13.600860000654954,13.628088654361584,35622.990636434166,11322.280798433545,8.561933892881877e-09,4.0617296166245485,-0.0,35598.89942173173,11386.160037800004,8.561079583542005e-09,4.060793266851931,-0.0,35807.695175709225,11703.456828742163,8.642857687993943e-09,4.0618345026430696,-0.0,35919.800515650546,11753.203386007448,8.649869447834412e-09,4.0610073488810325,-0.0,35536.89454153423,11468.376690790219,8.576222782747426e-09,4.062178821622307,-0.0,35421.51451972953,11253.279567936012,8.548057822321176e-09,4.063115171394926,-0.0,35790.89154943113,11683.92667862306,8.640994664459382e-09,4.062073935603788,-0.0,35753.302459148406,11705.551297293474,8.64532280613963e-09,4.062901089365823,-0.0
CC-charge,52,1233213.7815388576,3781.818181818182,8.130910279948687,53.2,13.06800305178106,12.91606590650002,13.59598809071363,13.619942951005292,35420.613678358524,11540.588385131892,8.562495998713135e-09,4.065231063913048,-0.0,35398.72840514589,11600.893911637637,8.561633713302282e-09,4.064303720048308,-0.0,35600.21485722845,11927.043650232823,8.643438645299879e-09,4.0653364547089526,-0.0,35708.80324711006,11976.649827884974,8.650450869601224e-09,4.064514999245488,-0.0,35336.287314030764,11683.821886235004,8.576779875691406e-09,4.065679216035638,-0.0,35224.9588042385,11470.589019647432,8.54861647124546e-09,4.066606559900378,-0.0,35583.75882356261,11907.919301527767,8.641576327118352e-09,4.065573825239733,-0.0,35545.768964438634,11929.991845218407,8.645905953620211e-09,4.066395280703197,-0.0
CC-charge,53,1233286.508811585,3854.545454545455,8.138046898869442,53.2,13.07221459036354,12.925351819875958,13.590895089753413,13.611538500007088,35218.17155292692,11758.96558483092,8.563061415817798e-09,4.068800003709612,-0.0,35198.4135777195,11815.781093871918,8.5621913117597e-09,4.067882613475679,-0.0,35392.81219339683,12150.547347596215,8.644023037241119e-09,4.068905893694198,-0.0,35497.93608581122,12199.95916955913,8.651035635493416e-09,4.068090847007217,-0.0,35135.61548904077,11899.335779431483,8.577340315829625e-09,4.06924689515983,-0.0,35028.261875281314,11688.05362077093,8.549178560312748e-09,4.070164285393762,-0.0,35376.70362224902,12131.828649844168,8.642161417873825e-09,4.0691410051752435,-0.0,35338.363441104724,12154.294683996633,8.64649242863704e-09,4.069956051862226,-0.0
CC-charge,54,1233359.2360843122,3927.2727272727275,8.14532146498802,53.2,13.07659454609472,12.934885534585964,13.585607207949886,13.602912711369429,35015.6616347413,11977.415292980482,8.563630339598905e-09,4.072438111902239,-0.0,34997.951062013395,12030.825859590615,8.562752577303068e-09,4.071531456997396,-0.0,35185.49017848632,12373.964609836708,8.644611082409386e-09,4.07254439432738,-0.0,35287.20249415495,12423.127627258564,8.651623963391563e-09,4.071736456933725,-0.0,34934.87646412606,12114.921227670153,8.577904302505818e-09,4.072883353085782,-0.0,34831.41992545253,11905.677697864658,8.549744283736233e-09,4.073790007990627,-0.0,35169.72893474393,12355.651406589759,8.642750155072368e-09,4.072777070660641,-0.0,35131.089294706595,12378.456013066661,8.647082448600397e-09,4.073585008054297,-0.0
CC-charge,55,1233431.9633570395,4000.0000000000005,8.15273746193439,53.2,13.081121082810165,12.944628697315137,13.580149284583005,13.594100935291694,34813.08142117684,12195.940271442723,8.564202995975331e-09,4.07614721068936,-0.0,34797.33710688364,12246.032347347875,8.56331773772676e-09,4.075251930746942,-0.0,34978.25168434216,12597.292256847288,8.6452030304057e-09,4.076253689901971,-0.0,35076.60580976851,12646.151548754682,8.652216101550171e-09,4.075453556496191,-0.0,34734.067758546684,12330.580956445787,8.57847206398769e-09,4.07659025124503,-0.0,34634.42927135851,12123.465439280835,8.550313866672954e-09,4.077485531187448,-0.0,34962.83762808312,12579.384385896481,8.643342788325545e-09,4.076483772032418,-0.0,34923.94980808154,12602.47216398203,8.647676261789608e-09,4.077283905438198,-0.0
CC-charge,56,1233504.6906297668,4072.727272727273,8.160296290255843,53.2,13.08576989757435,12.954538905310363,13.574549135992465,13.585142061122824,34610.42917493204,12414.542454143651,8.56477960350273e-09,4.079928066331159,-0.0,34596.56947147737,12461.403069898262,8.563887011084435e-09,4.079044670435805,-0.0,34771.09869454109,12820.528068668978,8.645799122280187e-09,4.080034472418542,-0.0,34866.1479967896,12869.028741976232,8.652812290013549e-09,4.079242823907519,-0.0,34533.18765019276,12546.316874226639,8.579043819356811e-09,4.080368223924684,-0.0,34437.28771261631,12341.419388017644,8.550887526184851e-09,4.081251619820039,-0.0,34756.03168251894,12803.025363783958,8.643939558882015e-09,4.080261817837304,-0.0,34716.94691312226,12826.340934931626,8.648274108861959e-09,4.081053466348326,-0.0
CC-charge,57,1233577.417902494,4145.454545454546,8.16800077345886,53.2,13.090520650024748,12.964580790505043,13.568830045566564,13.576068513903643,34407.703295102,12633.223624704715,8.565360406128257e-09,4.083782150390231,-0.0,34395.64607169562,12676.940367062205,8.564460640068433e-09,4.082911041218572,-0.0,34564.033050329504,13043.669980314597,8.6463996249973e-09,4.083888147359926,-0.0,34655.83087070932,13091.757175290955,8.653412794219661e-09,4.083105659719088,-0.0,34332.23455215908,12762.130741177942,8.57961981185026e-09,4.08421862306863,-0.0,34239.993202767706,12559.541912038727,8.551465505138626e-09,4.0850897322402915,-0.0,34549.31293621379,13026.572271521858,8.644540734080458e-09,4.084112626098936,-0.0,34510.08239551683,13050.060285249187,8.648876256240467e-09,4.084895113739773,-0.0
CC-charge,58,1233650.1451752214,4218.181818181819,8.175853021849296,53.2,13.095352526300022,12.974718180382801,13.563015947122945,13.566913346194239,34204.90250577609,12851.985214207549,8.565945661810538e-09,4.08771056858946,-0.0,34194.56538938045,12892.645968213808,8.56503888035177e-09,4.086852054640288,-0.0,34357.05622467575,13266.716324667661,8.647004819690506e-09,4.087815764226345,-0.0,34445.655730075596,13314.335366866757,8.654017893518502e-09,4.08704310642004,-0.0,34131.20719969283,12978.023969577385,8.58020029752192e-09,4.0881424532598345,-0.0,34042.544251077234,12777.834761511298,8.552048060497952e-09,4.089000967209006,-0.0,34342.682859668595,13250.023438964245,8.645146595574338e-09,4.08803725762295,-0.0,34303.35753249644,13273.628726505176,8.649482984622815e-09,4.0888099154292545,-0.0
CC-charge,59,1233722.8724479487,4290.909090909091,8.183854984219256,53.2,13.10024549431334,12.984916351883182,13.557129953108587,13.557708200694895,34002.02584215523,13070.82831538666,8.566535641794266e-09,4.091714338551188,-0.0,33993.32644663052,13108.521018446358,8.565621999999268e-09,4.090868647017918,-0.0,34150.16933683667,13489.665817717196,8.647615001043606e-09,4.091818292554208,-0.0,34235.62338127095,13536.76235971302,8.654627880574271e-09,4.091056126889342,-0.0,33930.104636430304,13193.99763781802,8.580785544658208e-09,4.092140645668067,-0.0,33844.93989730224,12996.299095287797,8.552635462617703e-09,4.092986337201336,-0.0,34136.14257026538,13473.377579766204,8.645757438703851e-09,4.0920366916650455,-0.0,34096.77311720556,13497.045297438399,8.650094588326596e-09,4.092798857329915,-0.0
CC-charge,60,1233795.599720676,4363.636363636364,8.192008483683207,53.2,13.105180356601952,12.995142127048545,13.551194287154857,13.548483229194655,33799.072637928424,13289.753696100284,8.567130630034285e-09,4.095794408578864,-0.0,33791.92878235507,13324.566103430596,8.566210279030567e-09,4.09496169662954,-0.0,33943.373165572666,13712.517544547849,8.64823047682005e-09,4.095896639724208,-0.0,34025.73416115292,13759.0376979709,8.655243060876648e-09,4.095145622098282,-0.0,33728.92620188936,13410.052503700366,8.58137583331986e-09,4.096214075104343,-0.0,33647.17968868086,13214.93550606478,8.553227994670836e-09,4.0970467870536655,-0.0,33929.69284545929,13696.633777343555,8.64637357200649e-09,4.096111843958998,-0.0,33890.32948097168,13720.309540142998,8.650711374788698e-09,4.096862861584924,-0.0
CC-charge,61,1233865.496759695,4433.533402655482,8.19999,53.2,13.109945997939732,13.004967136968927,13.545462135464307,13.539624729627034,33603.94469186857,13500.237750294775,8.567707481637062e-09,4.099788891033873,-0.0,33598.218440947385,13532.364631377315,8.566780821238972e-09,4.098968745911278,-0.0,33744.71091059462,13926.60377098012,8.648827312206062e-09,4.099888977465505,-0.0,33824.148308071504,13972.519506860388,8.655839514150556e-09,4.0991492900968245,-0.0,33535.50459579321,13617.776721531558,8.581948195264307e-09,4.100201108966126,-0.0,33456.9679617142,13425.226450128672,8.553802600249718e-09,4.101021254088722,-0.0,33731.36341015526,13911.108565748076,8.646971036140231e-09,4.100101022534494,-0.0,33692.05290202276,13934.741131999543,8.651309363854585e-09,4.100840709903175,-0.0
CV-charge,0,1233865.496759695,0.0,8.2,53.22220685541177,13.115390101935061,13.010324874387063,13.551151955832355,13.545339923257297,33603.94469186857,13500.237750294775,8.567707481637062e-09,4.099793857781072,0.0,33598.218440947385,13532.364631377315,8.566780821238972e-09,4.098973600420575,0.0,33744.71091059462,13926.60377098012,8.648827312206062e-09,4.099893963215644,0.0,33824.148308071504,13972.519506860388,8.655839514150556e-09,4.09915417325652,0.0,33535.50459579321,13617.776721531558,8.581948195264307e-09,4.100206142218928,0.0,33456.9679617142,13425.226450128672,8.553802600249718e-09,4.101026399579426,0.0,33731.36341015526,13911.108565748076,8.646971036140231e-09,4.100106036784356,0.0,33692.05290202276,13934.741131999543,8.651309363854585e-09,4.10084582674348,0.0
CV-charge,1,1233938.2240324223,72.72727272727273,8.2,50.34741837037469,12.412094190270635,12.318817633852987,12.812932326887873,12.803574219363187,33339.08897692211,13749.490634383948,8.56829472852303e-09,4.099797374400998,-0.0,33335.20119050764,13778.532596256644,8.567361878528856e-09,4.098995989742835,-0.0,33475.21388342026,14179.944204833031,8.649435019865115e-09,4.099896198847189,-0.0,33550.73917378961,14225.085805672865,8.6564467257941e-09,4.099171537581064,-0.0,33272.9649708816,13863.761433888594,8.58253095919902e-09,4.1002026255990005,-0.0,33198.70108208006,13674.34705278299,8.554387715084827e-09,4.1010040102571645,-0.0,33462.31787243535,14164.908807700382,8.64757937247095e-09,4.1001038011528115,-0.0,33423.13210738188,14188.43110250951,8.651918110924836e-09,4.100828462418936,-0.0
CV-charge,2,1234010.9513051496,145.45454545454547,8.2,48.355187621395615,11.924698429507075,11.839272419122457,12.30139371298457,12.28982305978151,33152.74356392518,13951.042323640913,8.56886336104487e-09,4.0997998713701085,-0.0,33150.06023137929,13977.6752006825,8.567924724539555e-09,4.099012518510359,-0.0,33285.77669976888,14384.634013762148,8.650023609001522e-09,4.099897847878887,-0.0,33358.6072238076,14429.097860942993,8.657034746694124e-09,4.099184343002957,-0.0,33088.24909702453,14062.67039905277,8.583095340312249e-09,4.100200128629892,-0.0,33016.90396525065,13875.878257792741,8.554954408967132e-09,4.100987481489642,-0.0,33273.19805365996,14369.970125357924,8.648168558907156e-09,4.100102152121114,-0.0,33234.15423434679,14393.35081228325,8.652507593758441e-09,4.100815656997044,-0.0
CV-charge,3,1234083.6785778769,218.1818181818182,8.2,46.48467255848375,11.466855091468787,11.38853518017064,11.821377714503534,11.807904572340783,32974.39240430387,14144.803811844047,8.56941595772438e-09,4.099802573789705,-0.0,32972.801486015545,14169.186027240028,8.568471872231644e-09,4.099028754073611,-0.0,33104.58632900934,14581.282222867623,8.650595743270525e-09,4.099899457845843,-0.0,33174.87652488732,14625.055265542323,8.657606254467042e-09,4.099197030249678,-0.0,32911.4575690068,14253.891304003235,8.583643882545639e-09,4.100197426210294,-0.0,32842.84670103524,14069.686149322639,8.55550522590867e-09,4.100971245926388,-0.0,33092.311231858264,14566.975248288814,8.648741263826568e-09,4.1001005421541565,-0.0,33053.43969573616,14590.180037207387,8.653080498094804e-09,4.100802969750321,-0.0
CV-charge,4,1234156.4058506042,290.90909090909093,8.2,44.719991163058374,11.03469777525417,10.962839148550023,11.36878223572631,11.353672003527874,32802.82586877793,14331.192318370038,8.569953410164086e-09,4.099805466239218,-0.0,32802.23069067466,14353.469601348936,8.569004185171204e-09,4.099044730015398,-0.0,32930.39805181404,14770.32776783719,8.6511523395956e-09,4.0999010333154144,-0.0,32998.27989386684,14813.400318866446,8.658162172193638e-09,4.099209615866126,-0.0,32741.391335421526,14437.835897900508,8.584177462297046e-09,4.100194533760782,-0.0,32675.35659536519,14256.180104552555,8.55604104322289e-09,4.100955269984602,-0.0,32918.414772985074,14756.363908796766,8.649298406435594e-09,4.100098966684584,-0.0,32879.74211072375,14779.363044363521,8.653637751196206e-09,4.100790384133873,-0.0
CV-charge,5,1234229.1331233315,363.6363636363637,8.2,43.053280375912514,10.626328908499582,10.560351429046097,10.94155697579967,10.925043062567166,32637.63903051648,14510.626716326891,8.570476589027982e-09,4.099808514277573,-0.0,32637.952064871544,14530.932664646009,8.569522507732286e-09,4.0990604287019545,-0.0,32762.787196615012,14952.210280312689,8.65169429267887e-09,4.099902573913993,-0.0,32828.382520040475,14994.57561686104,8.658703400193535e-09,4.099222072674135,-0.0,32577.649010411624,14614.917561930122,8.584696935844528e-09,4.100191485722426,-0.0,32514.04501597043,14435.77174347868,8.556562718307121e-09,4.100939571298044,-0.0,32751.084716926987,14938.576536406063,8.649840883257779e-09,4.100097426086004,-0.0,32712.6338065455,14961.34439871512,8.654180258702883e-09,4.100777927325863,-0.0
CV-charge,6,1234301.8603960585,436.3636363636364,8.2,41.475266291980375,10.239506497384609,10.178899255989016,10.537288576372267,10.519571962234489,32478.250081824874,14683.741020547946,8.570986798956363e-09,4.099811690183051,-0.0,32479.394865965696,14702.193692123114,8.570028111432024e-09,4.099075858101736,-0.0,32601.147643559114,15127.589672227376,8.65222294143482e-09,4.099904081696668,-0.0,32664.56512650188,15169.243769823033,8.659231283984156e-09,4.099234395147737,-0.0,32419.653874028612,14785.761998151978,8.585203589124013e-09,4.100188309816948,-0.0,32358.35152842742,14609.086959012539,8.557071539422478e-09,4.100924141898262,-0.0,32589.715959264337,15114.274240724524,8.650370035977634e-09,4.100095918303331,-0.0,32551.50567246924,15136.789658401047,8.654709373381773e-09,4.1007656048522625,-0.0
CV-charge,7,1234374.5876687858,509.0909090909091,8.2,39.981962945707956,9.873273485105239,9.81756357307957,10.154931902915816,10.13619398460733,32324.5756034106,14850.627837045577,8.571484233221648e-09,4.099814959443713,-0.0,32326.47953100178,14867.340541050196,8.570521179349782e-09,4.099090984914402,-0.0,32445.387771163772,15296.567488712062,8.652738484614142e-09,4.099905554461547,-0.0,32506.732712075347,15337.508239664156,8.659746025107914e-09,4.099246544549343,-0.0,32267.32323646005,14950.460598463174,8.585697610298014e-09,4.100185040556285,-0.0,32208.19800677231,14776.214662108749,8.55756769435693e-09,4.100909015085596,-0.0,32434.217032010198,15283.558751171568,8.650886063966146e-09,4.100094445538451,-0.0,32396.26426687715,15305.802745594216,8.655225298571012e-09,4.100753455450656,-0.0
CV-charge,8,1234447.3149415131,581.8181818181819,8.199999999999998,38.567473725710414,9.526206888693931,9.474967552687735,9.792949471064135,9.773349813264616,32176.316013782132,15011.614850391685,8.571969562959027e-09,4.099818294784648,-0.0,32178.912957986184,15026.692012307687,8.571002363866286e-09,4.099105801867292,-0.0,32295.19372539792,15459.486716138745,8.6532416110125e-09,4.099906992498689,-0.0,32354.564152411756,15499.713907636036,8.660248316490179e-09,4.0992585042726875,-0.0,32120.360135971343,15109.336751074883,8.58617966028742e-09,4.100181705215349,-0.0,32063.296642746067,14937.477477290868,8.55805184474725e-09,4.100894198132709,-0.0,32284.274606933628,15446.773676604656,8.651389657415623e-09,4.10009300750131,-0.0,32246.593737062572,15468.73007586229,8.655728730637739e-09,4.100741495727313,-0.0
CV-charge,9,1234520.0422142404,654.5454545454546,8.199999999999998,37.226352864954734,9.196991997756248,9.149838042010993,9.449921988333356,9.429600836854137,32033.192121182292,15167.00724989931,8.572443410864195e-09,4.099821671449462,-0.0,32036.42180180587,15180.545231938528,8.571472270774572e-09,4.099120304280495,-0.0,32150.273346516828,15616.666430351546,8.653732959532e-09,4.099908396250792,-0.0,32207.76064822866,15656.181473107288,8.660738800768451e-09,4.099270260638519,-0.0,31978.48782225967,15262.691643871685,8.586650352608623e-09,4.100178328550536,-0.0,31923.379028138508,15093.176094292607,8.55852460471584e-09,4.100879695719503,-0.0,32139.597013745923,15604.238671959132,8.651881456472193e-09,4.100091603749206,-0.0,32102.200188891886,15625.893775308978,8.656220315280293e-09,4.100729739361479,-0.0
CV-charge,10,1234592.7694869677,727.2727272727274,8.2,35.95358355126057,8.88441710378975,8.84100061652451,9.124542628298055,9.103623202648249,31894.94369752823,15317.08946077344,8.572906355434045e-09,4.099825067213389,-0.0,31898.7511088127,15329.177301774238,8.571931463317667e-09,4.099134489673356,-0.0,32010.35463152634,15768.403657454774,8.654213123573917e-09,4.099909766278814,-0.0,32066.044130821043,15807.209348405198,8.6612180747353e-09,4.099281802611632,-0.0,31841.448342866213,15410.805972867764,8.587110257501487e-09,4.10017493278661,-0.0,31788.194814035553,15243.590938472576,8.558986545006548e-09,4.100865510326642,-0.0,31999.912705141633,15756.25130241515,8.652362055652281e-09,4.100090233721185,-0.0,31962.810118492984,15777.593583852966,8.656700651984667e-09,4.1007181973883675,-0.0
CV-charge,11,1234665.496759695,800.0000000000001,8.2,34.74454332394459,8.587365186639817,8.54737169345401,8.815607960510965,8.794198483339795,31761.32799078205,15462.126766154492,8.573358934797697e-09,4.099828462238028,-0.0,31765.662888700943,15472.846847731951,8.572380465839123e-09,4.099148357339588,-0.0,31875.184133499777,15914.975117250515,8.654682655009132e-09,4.09991110322843,-0.0,31929.155605093467,15953.075432618647,8.661686693342367e-09,4.099293121428875,-0.0,31709.001068551126,15553.941542979826,8.587559905659298e-09,4.100171537761971,-0.0,31657.510308487825,15388.98373768443,8.559438196724604e-09,4.1008516426604125,-0.0,31864.96865879581,15903.088789996884,8.652832007825798e-09,4.10008889677157,-0.0,31828.168782486464,15924.108636914403,8.65717029814172e-09,4.100706878571126,-0.0
CV-charge,12,1234738.2240324223,872.7272727272727,8.2,33.59497193475564,8.304806209445864,8.267951220047118,8.522009507873141,8.500204997389526,31632.118367527477,15602.36679525351,8.573801650175875e-09,4.099831838909371,-0.0,31636.934810252078,15611.795441590204,8.572819767080892e-09,4.0991619080058985,-0.0,31744.525501207543,16056.638822498351,8.655142067756206e-09,4.099912407804458,-0.0,31796.853638863886,16094.038737526098,8.662145173309446e-09,4.09930421028184,-0.0,31580.921347744214,15692.3427366593,8.587999791596152e-09,4.100168161090627,-0.0,31531.107195814635,15529.598961106132,8.55988005471587e-09,4.1008380919941,-0.0,31734.528919436434,16045.009615735422,8.653291827806904e-09,4.100087592195542,-0.0,31698.038712090412,16065.699098577748,8.65762977265495e-09,4.100695789718159,-0.0
CV-charge,13,1234810.9513051496,945.4545454545455,8.2,32.50094154082349,8.035789982609286,8.001815897088612,8.242725905471474,8.220609755654117,31507.103066464526,15738.040889778202,8.574234969002541e-09,4.099835181670046,-0.0,31512.359002468736,15746.24890776555,8.573249823165147e-09,4.099175143556868,-0.0,31618.158138797535,16193.635546677178,8.655591841003987e-09,4.099913680751517,-0.0,31668.91297737923,16230.340878747345,8.662593996377802e-09,4.099315064045912,-0.0,31456.999270941054,15826.237862396922,8.588430376688e-09,4.1001648183299535,-0.0,31408.781359390716,15665.665141684125,8.560312580619713e-09,4.100824856443131,-0.0,31608.373260777076,16182.254990095138,8.653741995592419e-09,4.100086319248482,-0.0,31572.198350378436,16202.607659382444,8.658079559219193e-09,4.100684935954088,-0.0
CV-charge,14,1234883.6785778769,1018.1818181818182,8.200000000000003,31.458825491719093,7.779438687181726,7.748112052949257,7.976814694996332,7.954460056591777,31386.08392310603,15869.365500888709,8.574659328035543e-09,4.099838476830696,-0.0,31391.740824116274,15876.418663519427,8.57367106057028e-09,4.099188066801962,-0.0,31495.875840236415,16326.190318370765,8.656032422421935e-09,4.0999149228388285,-0.0,31545.12313445388,16362.207591012839,8.663033612544123e-09,4.099325679031442,-0.0,31337.038406548345,15955.84053336812,8.588852092207827e-09,4.100161523169306,-0.0,31290.341673407933,15797.39623241431,8.560736205913003e-09,4.100811933198037,-0.0,31486.295822243166,16315.050350069534,8.65418295957743e-09,4.100085077161173,-0.0,31450.44066654927,16335.06105832373,8.65852010957228e-09,4.100674320968557,-0.0
CV-charge,15,1234956.4058506042,1090.909090909091,8.199999999999998,30.46528576656604,7.534943907456871,7.506052883945275,7.723408972095729,7.700880003068164,31268.87571164516,15996.54291420525,8.57507513504815e-09,4.099841712494135,-0.0,31274.898236944817,16002.50240556562,8.574083877734827e-09,4.099200681343928,-0.0,31377.486069541366,16454.513213275244,8.65646422991056e-09,4.099916134851505,-0.0,31425.287644646556,16489.849536863414,8.663464441831088e-09,4.099336052858757,-0.0,31220.85514850578,16081.350382933557,8.589265340964821e-09,4.100158287505862,-0.0,31175.609387420045,15924.992301188047,8.561151333561368e-09,4.100799318656071,-0.0,31368.10439040747,16443.60615262735,8.654615138318242e-09,4.100083865148493,-0.0,31332.572420378066,16463.270895157963,8.6589518453999e-09,4.100663947141242,-0.0
CV-charge,16,1235029.1331233315,1163.6363636363637,8.200000000000001,29.51723368143903,7.3015571939343165,7.274909392489118,7.481707087346433,7.459060007669158,31155.304823515464,16119.762696026799,8.575482771932156e-09,4.099844878279258,-0.0,31161.660524544142,16124.68550427719,8.574488648039935e-09,4.099212991342813,-0.0,31262.808555373766,16578.800890937477,8.65688765479212e-09,4.099917317576577,-0.0,31309.22261756966,16613.463860243122,8.663886877499864e-09,4.099346184168068,-0.0,31108.277406407917,16202.954491898005,8.58967050033872e-09,4.100155121720743,-0.0,31064.416868337285,16048.640941715736,8.56155834106132e-09,4.100787008657186,-0.0,31253.618995940513,16568.119414238554,8.655038923731064e-09,4.100082682423422,-0.0,31218.412740258456,16587.435190899952,8.659375161370006e-09,4.1006538158319294,-0.0
CV-charge,17,1235101.8603960585,1236.3636363636365,8.2,28.611816949542284,7.0785869917462865,7.054007492631581,7.250969211453735,7.228253253710683,31045.208484005783,16239.202552621828,8.575882596566043e-09,4.099847965254492,-0.0,31051.867537549908,16243.141826924828,8.574885721598299e-09,4.099225001459997,-0.0,31151.67444888824,16699.237517652222,8.65730306373683e-09,4.099918471801053,-0.0,31196.75586863511,16733.235122709986,8.664301287994725e-09,4.0993560725542615,-0.0,30999.14382896111,16320.828236533709,8.590067924103227e-09,4.1001520347455065,-0.0,30956.606859262814,16168.518106640937,8.561957582272058e-09,4.100774998540001,-0.0,31142.67107287139,16688.774635447084,8.655454683023549e-09,4.100081528198945,-0.0,31107.792268219113,16707.739328205855,8.659790427253633e-09,4.100643927445736,-0.0
CV-charge,18,1235174.5876687858,1309.0909090909092,8.200000000000001,27.746398370248993,6.865393540226857,6.842723133683657,7.030511728195992,7.007769968142485,30938.43393991734,16355.029221068698,8.57627494471977e-09,4.099850965786892,-0.0,30945.368908415476,16358.034593928756,8.575275427082127e-09,4.099236716741852,-0.0,31043.92545482375,16815.995718492926,8.657710800723997e-09,4.099919598305817,-0.0,31087.726023866762,16849.336267380117,8.664708018917516e-09,4.099365718419413,-0.0,30893.302998753177,16435.13616774177,8.590457944285152e-09,4.100149034213109,-0.0,30852.031708447055,16284.788974061728,8.562349389281723e-09,4.100763283258148,-0.0,31035.10259113012,16805.744754630818,8.65586276066407e-09,4.100080401694183,-0.0,31000.552279432708,16824.357019599964,8.660197989827164e-09,4.100634281580588,-0.0
CV-charge,19,1235247.3149415131,1381.818181818182,8.2,26.91853787916986,6.661384578758331,6.640478194984754,6.819702509499872,6.7969725959269045,30834.83771411919,16467.399286553507,8.57666013178365e-09,4.099853873419297,-0.0,30842.023330149645,16469.51716517102,8.57565807338204e-09,4.099248142537889,-0.0,30939.41303514216,16929.23744966203,8.658111188819704e-09,4.099920697862092,-0.0,30981.981699951546,16961.929501661754,8.665107394820552e-09,4.099375122862914,-0.0,30790.612693320956,16546.032817635583,8.590840872854759e-09,4.100146126580702,-0.0,30750.55266105431,16397.608743271343,8.562734074103824e-09,4.100751857462109,-0.0,30930.765261526078,16919.19202193248,8.656263480164126e-09,4.100079302137907,-0.0,30896.543875723444,16937.451194135214,8.660598174746404e-09,4.100624877137085,-0.0
CV-charge,20,1235320.0422142404,1454.5454545454547,8.2,26.125976148225007,6.466011421632453,6.446736728990903,6.617956600668073,6.595271396933579,30734.284921820097,16576.45993197259,8.577038454338034e-09,4.09985668275766,-0.0,30741.697894168203,16577.733761847878,8.576033951118544e-09,4.0992592844330416,-0.0,30837.997679525233,17039.11479757481,8.65850453179244e-09,4.099921771228752,-0.0,30879.38075355346,17071.16710537472,8.665499720832776e-09,4.099384287586229,-0.0,30690.93920740117,16653.663439315216,8.591217003261011e-09,4.100143317242339,-0.0,30652.039208970087,16507.123365271324,8.563111930218347e-09,4.100740715566956,-0.0,30829.5198074615,17029.268799795907,8.656657145698434e-09,4.100078228771247,-0.0,30795.62724721064,17047.174809115942,8.660991288107093e-09,4.100615712413769,-0.0
CV-charge,21,1235392.7694869677,1527.2727272727275,8.2,25.366621302842262,6.278765784822285,6.2610019296749195,6.424732718767541,6.402120869577512,30636.648859534438,16682.349390293693,8.577410191109355e-09,4.099859389362135,-0.0,30644.267695568895,16682.819898462825,8.576403333551625e-09,4.099270148167624,-0.0,30739.548460192218,17145.770468324143,8.658891115095714e-09,4.099922819148131,-0.0,30779.789821186976,17177.19192793719,8.665885283654426e-09,4.0993932147896075,-0.0,30594.156945499526,16758.164453295667,8.591586611360711e-09,4.100140610637865,-0.0,30556.368703204684,16613.469979941332,8.563483233505254e-09,4.1007298518323765,-0.0,30731.235520503098,17136.11805331761,8.657044043091862e-09,4.100077180851869,-0.0,30697.6712197306,17153.67134948561,8.661377617547887e-09,4.100606785210395,-0.0
CV-charge,22,1235465.496759695,1600.0000000000002,8.2,24.63853339720051,6.0991760590292365,6.0828125482384445,6.2395291815273115,6.217015608405518,30541.81020231023,16785.19782296103,8.577775604765519e-09,4.099861989659443,-0.0,30549.61505094888,16784.903233873538,8.576766478319414e-09,4.099280739615375,-0.0,30643.942184193827,17249.338714441128,8.659271207713286e-09,4.099923842346961,-0.0,30683.083449908754,17280.13832235168,8.66626435341278e-09,4.09940190712122,-0.0,30500.14762612395,16859.664314397814,8.591949957183038e-09,4.100138010340556,-0.0,30463.425585845853,16716.77777729698,8.563848244011831e-09,4.100719260384624,-0.0,30635.78941408207,17239.874278688338,8.657424441669507e-09,4.100076157653039,-0.0,30602.552399800872,17257.075765974012,8.661757433985958e-09,4.100598092878778,-0.0
CV-charge,23,1235538.2240324223,1672.727272727273,8.2,23.939909810981636,5.926803798836297,5.911739509998726,6.061880083925532,6.039486418221081,30449.656192441355,16885.12820713342,8.578134943724179e-09,4.099864480865142,-0.0,30457.628706071806,16884.10443295317,8.577123629192278e-09,4.09929106477579,-0.0,30551.06254037827,17349.94626697886,8.659645064015733e-09,4.099924841538846,-0.0,30589.143223733307,17380.133083304634,8.666637185528218e-09,4.099410367640943,-0.0,30408.79947760399,16958.284387352418,8.592307286706756e-09,4.100135519134857,-0.0,30373.10061202497,16817.16886948308,8.564207207735404e-09,4.10070893522421,-0.0,30543.06537190875,17340.664436973646,8.657798596115086e-09,4.100075158461153,-0.0,30510.154315376283,17357.51541736888,8.662130993635094e-09,4.100589632359055,-0.0
CV-charge,24,1235610.9513051496,1745.4545454545455,8.2,23.269076753432053,5.7612416959054205,5.747383978860604,5.891353055097376,5.86909802356865,30360.080516498812,16982.256471612538,8.578488442434924e-09,4.099866860895563,-0.0,30368.20372162129,16980.53729220539,8.577475016332086e-09,4.0993011297017805,-0.0,30460.79995832344,17447.712491194095,8.660012924049214e-09,4.099925817419493,-0.0,30497.857615565255,17477.295607725406,8.66700402101191e-09,4.099418599731026,-0.0,30320.00711619384,17054.139080948105,8.592658832129366e-09,4.100133139104436,-0.0,30285.290737741852,16914.75841789657,8.564560356893318e-09,4.100698870298218,-0.0,30452.95400712157,17438.60811007051,8.658166746764544e-09,4.100074182580506,-0.0,30420.36727021391,17455.110231791557,8.662498538204434e-09,4.100581400268974,-0.0
CV-charge,25,1235683.6785778769,1818.1818181818182,8.2,22.624478317427897,5.602110949151179,5.589374823665501,5.727546390422379,5.705446154188841,30272.982786471126,17076.692066175292,8.578836322529658e-09,4.099869128298923,-0.0,30281.240967605438,17074.309291425147,8.577820857407056e-09,4.099310940480194,-0.0,30373.051060295948,17542.74998737042,8.660375014719795e-09,4.0999267706672855,-0.0,30409.121425284204,17571.73850020321,8.667365087654284e-09,4.099426607054333,-0.0,30233.671031744652,17147.336409895557,8.593004812997551e-09,4.100130871701078,-0.0,30199.898623398825,17009.65519146425,8.564907911056956e-09,4.100689059519806,-0.0,30365.352115175643,17533.818102627694,8.658529120791339e-09,4.100073229332713,-0.0,30333.08779117692,17549.97331480077,8.662860296134767e-09,4.100573392945668,-0.0
CV-charge,26,1235756.4058506042,1890.909090909091,8.2,22.0046670133508,5.449058990868828,5.437366427428155,5.5700865708218785,5.548155024231941,30188.268128503023,17168.538411962807,8.579178793729464e-09,4.0998712821910575,-0.0,30196.646723117152,17165.5220295713,8.578161358467426e-09,4.099320503208752,-0.0,30287.71822577602,17635.165067307425,8.660731550722715e-09,4.099927701943158,-0.0,30322.8353329567,17663.56805342465,8.66772060096255e-09,4.099434393511821,-0.0,30149.697180050018,17237.97843931527,8.593345437096037e-09,4.100128717808941,-0.0,30116.832240785145,17101.96200774172,8.56525007804285e-09,4.100679496791247,-0.0,30280.16223909699,17626.40091939483,8.65888593313835e-09,4.100072298056841,-0.0,30248.21818879136,17642.21143197411,8.66321648355275e-09,4.1005656064881775,-0.0
CV-charge,27,1235829.1331233315,1963.6363636363637,8.2,21.40829513237034,5.301757410736311,5.291036685258504,5.418626001024702,5.396875035350825,30105.846804553395,17257.89331599261,8.579516054673081e-09,4.0998733221967845,-0.0,30114.332307854453,17254.271626203226,8.578496714747325e-09,4.099329823976725,-0.0,30204.709191318383,17725.058192319702,8.66108273539413e-09,4.099928611890568,-0.0,30238.905488478184,17752.88468961329,8.668070765017921e-09,4.099441963204768,-0.0,30067.996607802048,17326.161693814516,8.593680901262592e-09,4.100126677803216,-0.0,30036.004511260453,17191.77613916377,8.56558705472787e-09,4.100670176023274,-0.0,30197.292270009544,17716.45720401947,8.659237387371787e-09,4.1000713881094315,-0.0,30165.66615361195,17731.92545231141,8.663567305100126e-09,4.1005580367952295,-0.0
CV-charge,28,1235901.8603960585,2036.3636363636365,8.2,20.83410686161409,5.159900059306619,5.150085173628652,5.27284094620403,5.251280682474787,30025.633863759293,17344.84935305451,8.57984829367816e-09,4.099875248396691,-0.0,30034.21374233695,17340.649091593397,8.578827111401675e-09,4.099338908848404,-0.0,30123.936682269115,17812.524376297006,8.661428761491829e-09,4.099929501135572,-0.0,30157.243134037002,17839.783366588927,8.66841577326171e-09,4.0994493204016065,-0.0,29988.485107007687,17411.977534373767,8.594011392134978e-09,4.100124751603309,-0.0,29957.33297210338,17279.189687601473,8.565919027798362e-09,4.100661091151596,-0.0,30116.65507946862,17804.082142838608,8.659583676463471e-09,4.1000704988644285,-0.0,30085.344384896343,17819.210756094104,8.66391295472209e-09,4.100550679598394,-0.0
CV-charge,29,1235974.5876687858,2109.0909090909095,8.2,20.280931083115533,5.023201314839544,5.0142314757933155,5.13242964888813,5.11106864359454,29947.548820977176,17429.494217790707,8.580175689439962e-09,4.09987706127882,-0.0,29956.211434404635,17424.740668181803,8.579152724183379e-09,4.099347763849168,-0.0,30045.31807358242,17897.653556861802,8.66176981191225e-09,4.099930370287145,-0.0,30077.76425655496,17924.353951533874,8.668755809217055e-09,4.099456469508257,-0.0,29911.082896346532,17495.51250581048,8.594337086838346e-09,4.10012293872118,-0.0,29880.739468672753,17364.289929902574,8.566246174438338e-09,4.100652236150831,-0.0,30038.168180854023,17889.365836706926,8.659924983510201e-09,4.100069629712855,-0.0,30007.170248740018,17904.157610319802,8.664253616431406e-09,4.100543530491742,-0.0
CV-charge,30,1236047.3149415131,2181.818181818182,8.2,19.747674794164784,4.891394498671348,4.883213649364924,4.997110609577249,4.97595603655126,29871.515360171696,17511.91104951928,8.580498411673598e-09,4.099878761694418,-0.0,29880.249889749444,17506.628145796214,8.579473720066253e-09,4.099356394953594,-0.0,29968.77507721297,17980.530937404375,8.662106060350418e-09,4.099931219937232,-0.0,30000.38926746842,18006.6815653012,8.66909104715383e-09,4.099463415041961,-0.0,29835.714327143527,17576.848657348426,8.594658153616556e-09,4.10012123830558,-0.0,29806.149870168276,17447.159636900713,8.566568662962015e-09,4.100643605046405,-0.0,29961.75341727321,17972.39364365529,8.66026148239402e-09,4.1000687800627675,-0.0,29931.06546312135,17986.85151454071,8.664589464969017e-09,4.10053658495804,-0.0
CV-charge,31,1236120.0422142404,2254.545454545455,8.199999999999998,19.23331709234674,4.764230425668575,4.756786823327019,4.866621016009506,4.845678827341639,29797.461060521156,17592.17873213246,8.580816621705632e-09,4.099880350817919,-0.0,29806.25744446146,17586.38915287402,8.579790257818708e-09,4.099364808075241,-0.0,29894.233453761764,18061.23730252213,8.662437671906196e-09,4.099932050661186,-0.0,29925.042707477387,18086.846899834833,8.669421652697942e-09,4.09947016160782,-0.0,29762.30761187865,17656.063838576956,8.594974752414401e-09,4.100119649182078,-0.0,29733.4938070044,17527.877368124893,8.566886653395347e-09,4.100635191924757,-0.0,29887.336673702583,18053.24649490225,8.660593338390304e-09,4.100067949338814,-0.0,29856.955807496313,18067.373519697274,8.664920666388683e-09,4.1005298383921795,-0.0
CV-charge,32,1236192.7694869677,2327.2727272727275,8.2,18.736903673725045,4.6414760775140245,4.634721912872253,4.740715307416822,4.719990375921946,29725.31714332989,17670.372171180014,8.58113047301855e-09,4.0998818301102276,-0.0,29734.166017726537,17664.097425690117,8.580102488532728e-09,4.0993730090580165,-0.0,29821.62274631742,18139.84930915,8.662764803643424e-09,4.099932863018011,-0.0,29851.65297410679,18164.92651102138,8.669747783394945e-09,4.099476713877846,-0.0,29690.79457330631,17733.231972909016,8.595287035413808e-09,4.100118169889772,-0.0,29662.70442797961,17606.517744262153,8.567200298014086e-09,4.100626990941984,-0.0,29814.84761126893,18132.001186510457,8.660920708728296e-09,4.100067136981988,-0.0,29784.770854830196,18145.80052227055,8.665247378637402e-09,4.100523286122152,-0.0
CV-charge,33,1236265.496759695,2400.0,8.2,18.257541797325086,4.522913387695428,4.516804441509304,4.619163861346695,4.5986601067736625,29655.018237977652,17746.56255006956,8.581440111753698e-09,4.099883201285354,-0.0,29663.910883003653,17739.823057444628,8.580410556112596e-09,4.09938100366865,-0.0,29750.876034578057,18216.4397554564,8.663087605105753e-09,4.099933657550604,-0.0,29780.152070108987,18240.993089090836,8.670069589229127e-09,4.099483076572235,-0.0,29621.1104124554,17808.423310416667,8.595595147528818e-09,4.100116798714646,-0.0,29593.718175584087,17683.15169922595,8.56750974183833e-09,4.100618996331349,-0.0,29744.21942178135,18208.730648775723,8.661243743107405e-09,4.100066342449396,-0.0,29714.44372413298,18222.20553588738,8.665569752095686e-09,4.100516923427765,-0.0
CV-charge,34,1236338.2240324223,2472.727272727273,8.2,17.794395673482683,4.408338128093573,4.402833460841852,4.501751791816115,4.481472292731148,29586.502165322563,17820.817567129492,8.581745677174777e-09,4.099884466279851,-0.0,29595.430456141563,17813.632728871045,8.58071459772541e-09,4.0993887975902235,-0.0,29681.929707535586,18291.077829409653,8.663406218792081e-09,4.0999344347861255,-0.0,29710.47537094695,18315.11570848135,8.670387213101702e-09,4.09948925444242,-0.0,29553.19349392161,17881.704661787942,8.595899226862916e-09,4.10011553372015,-0.0,29526.474577942507,17757.846713534578,8.567815123089695e-09,4.100611202409777,-0.0,29675.388600797476,18283.504195240643,8.661562584173867e-09,4.1000655652138756,-0.0,29645.910851753255,18296.65794229544,8.665887930010216e-09,4.10051074555758,-0.0
CV-charge,35,1236410.9513051496,2545.4545454545455,8.2,17.34668223757866,4.297558888019706,4.292620559304654,4.3882778486138205,4.36822494164048,29519.709737103138,17893.20165512814,8.582047302096743e-09,4.099885627224965,-0.0,29528.66609904402,17885.58992189911,8.581014744218548e-09,4.099396396416536,-0.0,29614.72325316061,18363.829338714637,8.663720780597525e-09,4.099935195236353,-0.0,29642.561409721693,18387.360058911403,8.67070079127417e-09,4.099495252256112,-0.0,29486.985147028554,17953.139614966767,8.596199405131905e-09,4.100114372775034,-0.0,29460.916056022314,17830.667030535897,8.568116573614485e-09,4.1006036035834645,-0.0,29608.29473766648,18356.38775304733,8.661877367962285e-09,4.100064804763648,-0.0,29579.11177985147,18369.223723464682,8.666202049000202e-09,4.10050474774389,-0.0
CV-charge,36,1236483.6785778769,2618.1818181818185,8.2,16.913667274268605,4.190396137379219,4.185988951929757,4.278553408528293,4.258728776431336,29454.58457001781,17963.776184696966,8.582345113282896e-09,4.099886686421121,-0.0,29463.56193759789,17955.75511775614,8.581311120506111e-09,4.0994038056473805,-0.0,29549.19906366955,18434.756923682864,8.664031420218947e-09,4.099935939397911,-0.0,29576.35167811386,18457.788659235608,8.671010453777963e-09,4.0995010747833405,-0.0,29422.429481531966,18022.78873591281,8.596495808054816e-09,4.100113313578879,-0.0,29396.987744857546,17901.6738568853,8.568414219274614e-09,4.100596194352621,-0.0,29542.880321114284,18427.444076197717,8.662188224302335e-09,4.10006406060209,-0.0,29513.98896058703,18439.965676393316,8.666512239400695e-09,4.100498925216659,-0.0
CV-charge,37,1236556.4058506042,2690.909090909091,8.2,16.49466186064758,4.086681366450001,4.082772643973885,4.172401550162852,4.152806300060836,29391.072913292483,18032.59965298409,8.582639231812039e-09,4.099887646314544,-0.0,29400.064692725417,18024.18598077816,8.581603845926616e-09,4.099411030684287,-0.0,29485.302255075007,18503.920254462973,8.664338261533113e-09,4.099936667752596,-0.0,29511.790441953814,18526.461055525113,8.671316324792691e-09,4.09950672678438,-0.0,29359.473216692808,18090.709754775533,8.596788555716793e-09,4.1001123536854545,-0.0,29334.63732764658,17970.925548557847,8.568708180310213e-09,4.100588969315711,-0.0,29479.090559100077,18496.73294313888,8.662495277196789e-09,4.100063332247402,-0.0,29450.48757473657,18508.943612073843,8.666818625709846e-09,4.100493273215617,-0.0
CV-charge,38,1236629.1331233315,2763.636363636364,8.2,16.089019099739488,3.986256295430524,3.9828156618793304,4.0696562047886475,4.050290937640986,29329.123488618145,18099.727858729446,8.582929773419162e-09,4.099888509475921,-0.0,29338.123523488186,18090.937529075352,8.581893034574878e-09,4.099418076826932,-0.0,29422.980499848967,18571.376213906296,8.664641422945181e-09,4.099937380767704,-0.0,29448.824570261477,18593.434004677372,8.671618522998978e-09,4.099512212998464,-0.0,29298.065522617155,18156.957738677032,8.59707776290518e-09,4.100111490524078,-0.0,29273.814881692502,18038.477783564646,8.568998571675384e-09,4.100581923173067,-0.0,29416.873211761253,18564.31133996286,8.662798645171393e-09,4.100062619232293,-0.0,29388.555363528198,18576.214539912795,8.667121326911408e-09,4.100487787001534,-0.0
CV-charge,39,1236701.8603960585,2836.3636363636365,8.2,15.696131118425876,3.8889721475947154,3.8859713456523775,3.970161376401654,3.9510262487771293,29268.68734148754,18165.21406486471,8.583216848810966e-09,4.0998892785808,-0.0,29277.68988128139,18156.06229311151,8.582178795610225e-09,4.099424949270023,-0.0,29362.183871628575,18637.17906725401,8.664941017713156e-09,4.099938078896293,-0.0,29387.40337662601,18658.761644741782,8.671917161903393e-09,4.099517538133744,-0.0,29238.15787289135,18221.585252181714,8.597363539421482e-09,4.100110721419199,-0.0,29214.47273523135,18104.383722434006,8.569285503349809e-09,4.100575050729977,-0.0,29356.178436376962,18630.233630399736,8.663098441599313e-09,4.100061921103707,-0.0,29328.14247262842,18641.83283881732,8.667420456788443e-09,4.100482461866256,-0.0
CV-charge,40,1236774.5876687858,2909.0909090909095,8.2,15.31542630634608,3.7946889804362636,3.7921016973022184,3.8737704248043494,3.8548652038032483,29209.71770300353,18229.109149634216,8.58350056396001e-09,4.099889956391657,-0.0,29218.71737424872,18219.61046315704,8.582461233542786e-09,4.099431653100545,-0.0,29302.864700987895,18701.380619706193,8.665237154248488e-09,4.099938762577418,-0.0,29327.47847192264,18722.49565304103,8.672212350141733e-09,4.099522706858233,-0.0,29179.703907599218,18284.642506432327,8.59764599037141e-09,4.100110043608343,-0.0,29156.56533428993,18168.694157431968,8.569569080628672e-09,4.100568346899454,-0.0,29296.958643380847,18694.551713674948,8.663394775002431e-09,4.100061237422581,-0.0,29269.201307280033,18705.850416021924,8.667716124257089e-09,4.100477293141766,-0.0
CV-charge,41,1236847.3149415131,2981.818181818182,8.2,14.946366774531068,3.7032750697206227,3.7010767804617792,3.780345406118267,3.7616695182303994,29152.169861331255,18291.4617471438,8.583781020376617e-09,4.0998905457414825,-0.0,29161.161641095227,18281.63002649112,8.582740448499677e-09,4.099438193295642,-0.0,29244.977441386887,18764.030362848032,8.665529936396143e-09,4.099939432236503,-0.0,29269.003627469003,18784.68539307396,8.6725041917606e-09,4.0995277237915095,-0.0,29122.659305899248,18346.177497857596,8.597925216434148e-09,4.100109454258516,-0.0,29100.049118788964,18231.457651409193,8.56984940439144e-09,4.100561806704358,-0.0,29239.168362539287,18757.315171200178,8.663687749331623e-09,4.100060567763497,-0.0,29211.686397697147,18768.31685464233,8.668008433613778e-09,4.10047227620849,-0.0
CV-charge,42,1236920.0422142404,3054.545454545455,8.2,14.588446014534023,3.614606341852325,3.612774166777627,3.689756465663,3.6713090402410686,29096.001042047872,18352.31837817128,8.584058315363176e-09,4.099891049518683,-0.0,29104.980233590333,18342.166895149836,8.583016536473171e-09,4.099444574720506,-0.0,29188.478544498044,18825.17561082424,8.665819463693936e-09,4.099940088285469,-0.0,29211.93464776775,18845.378051098145,8.672792786478002e-09,4.099532593497423,-0.0,29066.98166741746,18406.236137269952,8.598201314112884e-09,4.100108950481317,-0.0,29044.88240715496,18292.720667081885,8.570126571351849e-09,4.100555425279494,-0.0,29182.76411847886,18818.571402991867,8.66397746422703e-09,4.100059911714532,-0.0,29155.554273907794,18829.279550866868,8.668297484881028e-09,4.100467406502576,-0.0
CV-charge,43,1236992.7694869677,3127.2727272727275,8.2,14.241186740604407,3.5285658503670563,3.5270784250534803,3.601881278616285,3.5836611865675856,29041.170296680986,18411.72357200725,8.584332542249736e-09,4.099891470653401,-0.0,29050.13250706024,18401.26502495804,8.58328958954951e-09,4.099450802126948,-0.0,29133.326344156274,18884.861627065377,8.666105831615407e-09,4.099940731123127,-0.0,29156.22925209739,18904.618763208466,8.67307822992792e-09,4.0995373204773164,-0.0,29012.63040176704,18464.862370103336,8.59847437597019e-09,4.100108529346598,-0.0,28991.025288802142,18352.52768749359,8.570400674293081e-09,4.100549197873051,-0.0,29127.70431483998,18878.365754633065,8.66426401526065e-09,4.100059268876872,-0.0,29100.76334927857,18888.78384159978,8.668583373834412e-09,4.100462679522681,-0.0
CV-charge,44,1237065.496759695,3200.0000000000005,8.2,13.904138899086085,3.4450432927670045,3.443880649506309,3.5166045342929713,3.4986104225198025,28987.638398824507,18469.719979998434,8.584603790613636e-09,4.099891812104753,-0.0,28996.57951828658,18458.966526513574,8.583559696126849e-09,4.0994568801520055,-0.0,29079.480948273023,18943.13174230796,8.666389131795358e-09,4.099941361135347,-0.0,29101.8469642413,18962.450733657668,8.673360613887734e-09,4.09954190916409,-0.0,28959.566625562904,18522.09828847289,8.598744490843318e-09,4.100108187895246,-0.0,28938.439523866535,18410.9213283245,8.570671802282276e-09,4.100543119847993,-0.0,29073.94912636512,18936.741635501578,8.664547494162497e-09,4.100058638864653,-0.0,29047.273812057163,18946.873123306526,8.668866192544178e-09,4.10045809083591,-0.0
CV-charge,45,1237138.2240324223,3272.727272727273,8.2,13.576877830724076,3.363934564254258,3.36307802382579,3.433817460291431,3.416047782352597,28935.367747224882,18526.34848144998,8.58487214648724e-09,4.0998920768494695,-0.0,28944.283930224654,18515.31176873061,8.583826941114765e-09,4.099462813317008,-0.0,29026.904138091817,19000.027464579915,8.666669452241521e-09,4.09994197869529,-0.0,29048.749009732015,19018.91534509669,8.673640026489834e-09,4.099546363916898,-0.0,28907.75306636687,18577.984235687032,8.599011744048428e-09,4.10010792315053,-0.0,28887.088449649847,18467.942442686865,8.570940040874635e-09,4.100537186682992,-0.0,29021.4603983246,18993.74062896469,8.664827989030801e-09,4.100058021304708,-0.0,28995.04752430879,19003.588962749975,8.669146029382132e-09,4.100453636083103,-0.0
CV-charge,46,1237210.9513051496,3345.454545454546,8.2,13.259002572847052,3.28514134525106,3.284573418028143,3.353417383081662,3.335870426486189,28884.32227534175,18581.64828245596,8.585137692546391e-09,4.0998922678712395,-0.0,28893.209923039616,18570.33947551237,8.584091406121628e-09,4.099468606026876,-0.0,28975.559274221698,19055.5885817805,8.666946877526663e-09,4.099942584163731,-0.0,28996.898220036146,19074.05226136607,8.673916552414884e-09,4.099550689016282,-0.0,28857.153973028886,18632.558903779645,8.599276217569517e-09,4.100107732128761,-0.0,28836.936893263704,18523.630218945822,8.571205472301798e-09,4.100531393973124,-0.0,28970.201552710754,19049.402595133364,8.665105584527723e-09,4.100057415836268,-0.0,28944.047927662818,19058.97120023401,8.669422969191086e-09,4.100449310983717,-0.0
CV-charge,47,1237283.6785778769,3418.1818181818185,8.199999999999998,12.950134289604192,3.2085707198560836,3.208275015373431,3.2753073219334614,3.257981232441215,28834.46736686951,18635.65700819159,8.585400508289965e-09,4.0998923881511695,-0.0,28843.32311099254,18624.086816058658,8.5843531696277e-09,4.099474262569556,-0.0,28925.411208931455,19109.85325739865,8.667221488976705e-09,4.0999431778892514,-0.0,28946.25894313566,19127.899523401546,8.674190273083673e-09,4.099554888660095,-0.0,28807.735031953624,18685.859424596852,8.599537990236548e-09,4.100107611848828,-0.0,28787.951090009687,18578.02227211953,8.57146817564988e-09,4.100525737430443,-0.0,28920.13750067594,19103.765766762073,8.665380362064596e-09,4.100056822110748,-0.0,28894.23995537259,19113.05804593525,8.669697093651821e-09,4.100445111339903,-0.0
CV-charge,48,1237356.4058506042,3490.909090909091,8.2,12.649914819538685,3.1341348226649846,3.1340959668500763,3.199395613391566,3.1822884166320597,28785.769776788333,18688.410789156187,8.585660670207204e-09,4.099892440659045,-0.0,28794.590464725796,18676.58948928597,8.584612307151917e-09,4.099479787115932,-0.0,28876.42620424682,19162.858119905435,8.667493364838322e-09,4.099943760208471,-0.0,28896.796960036554,19180.493638771542,8.67446126682369e-09,4.0995589669597585,-0.0,28759.463288839645,18737.921454904925,8.59979713789025e-09,4.1001075593409535,-0.0,28740.09860707761,18631.154729305174,8.571728227021795e-09,4.100520212884066,-0.0,28871.234560766297,19156.866838800128,8.665652399973396e-09,4.100056239791527,-0.0,28845.589950191425,19165.886169845366,8.669968481278174e-09,4.100441033040239,-0.0
CV-charge,49,1237429.1331233315,3563.636363636364,8.2,12.35800533075091,3.0617505116206316,3.061954070977867,3.1255955637196866,3.1087051844327234,28738.19755754322,18739.94434181361,8.58591825193498e-09,4.099892428345391,-0.0,28746.9802385779,18727.881802789463,8.584868891403863e-09,4.099485183719715,-0.0,28828.57185539513,19214.63834628189,8.667762580441107e-09,4.099944331446333,-0.0,28848.479406759903,19231.869665334914,8.674729609030964e-09,4.099562927937073,-0.0,28712.307075505083,18788.77925597621,8.600053733537824e-09,4.1001075716546085,-0.0,28693.348272164847,18683.062309592366,8.57198569969489e-09,4.100514816280284,-0.0,28823.460382497426,19208.741052073943,8.665921773664842e-09,4.100055668553666,-0.0,28798.065587642075,19217.490785793114,8.670237207709188e-09,4.1004370720629275,-0.0
CV-charge,50,1237501.8603960585,3636.3636363636365,8.199999999999998,12.074085074746936,2.9913390647332263,2.9917714768498755,3.053825127011047,3.037149406152787,28691.71998995569,18790.29104403815,8.586173324402322e-09,4.0998923541342585,-0.0,28700.461902534833,18777.996746746343,8.585122992426313e-09,4.0994904563177785,-0.0,28781.817019223323,19265.227740123915,8.668029208346924e-09,4.099944891916313,-0.0,28801.274701400736,19282.06128944166,8.674995372323725e-09,4.099566775521435,-0.0,28666.235941402425,18838.46576804607,8.600307847496692e-09,4.100107645865739,-0.0,28647.67010666295,18733.778398849227,8.57224066426331e-09,4.100509543682222,-0.0,28776.78387489078,19259.42227153151,8.666188555779909e-09,4.100055108083685,-0.0,28751.63580427245,19267.90572999955,8.670503345703096e-09,4.100433224478564,-0.0
CV-charge,51,1237574.5876687858,3709.0909090909095,8.2,11.797850230946173,2.9228258987591342,2.9234744085501054,2.984006606844797,2.9675433167921383,28646.307518550057,18839.483005749127,8.586425955968574e-09,4.099892220916765,-0.0,28655.006078506158,18826.966063122636,8.585374677730805e-09,4.099495608730535,-0.0,28736.13174721317,19314.658804715218,8.668293318491251e-09,4.099945441920674,-0.0,28755.152475887076,19331.100899093104,8.675258626680345e-09,4.0995705135476355,-0.0,28621.220589508965,18887.012680017277,8.600559547531173e-09,4.100107779083235,-0.0,28603.035263079935,18783.3351197629,8.572493188774685e-09,4.100504391269464,-0.0,28731.175139600586,19308.94305944924,8.666452816332026e-09,4.100054558079323,-0.0,28706.270730540862,19317.16353455838,8.670766965439172e-09,4.100429486452364,-0.0
CV-charge,52,1237647.3149415131,3781.818181818182,8.2,11.529012834470553,2.8561403080477525,2.8569929092273867,2.916066379571507,2.8998132376239067,28601.931690957037,18887.55113507293,8.586676212550984e-09,4.099892031545265,-0.0,28610.584480603586,18874.820310521827,8.585624012421438e-09,4.099500644662653,-0.0,28691.487222764055,19362.962811441103,8.668554978313521e-09,4.099945981750727,-0.0,28710.08351210244,19379.01965241747,8.675519439572508e-09,4.099574145753878,-0.0,28577.23281626579,18934.45049475791,8.600808898980593e-09,4.1001079684547355,-0.0,28559.415966401586,18831.76339746415,8.572743338855406e-09,4.100499355337347,-0.0,28686.605408302334,19357.334743968404,8.666714622835184e-09,4.100054018249273,-0.0,28661.9416279813,19365.29549621799,8.671028134587506e-09,4.100425854246122,-0.0
CV-charge,53,1237720.0422142404,3854.545454545455,8.2,11.267299780511776,2.7912152219475743,2.79226060325903,2.8499346374737518,2.8338893178314173,28558.565101117703,18934.525200350374,8.586924157745244e-09,4.099891788828037,-0.0,28567.169859142003,18921.58892498681,8.585871059316106e-09,4.09950556770386,-0.0,28647.855702432906,19410.169863874275,8.668814252879671e-09,4.099946511687073,-0.0,28666.039682045735,19425.84754180086,8.675777876090812e-09,4.099577675780267,-0.0,28534.245455269425,18980.808590296932,8.601055964876005e-09,4.100108211171962,-0.0,28516.78545910044,18879.093021058583,8.57299117783146e-09,4.1004944322961405,-0.0,28643.046984032375,19404.627483298143,8.666974040429876e-09,4.100053488312926,-0.0,28618.62083034604,19412.331740799928,8.67128691844823e-09,4.100422324219732,-0.0
CV-charge,54,1237792.7694869677,3927.2727272727275,8.2,11.012451899212039,2.7279869793076674,2.7292144750932352,2.785545150215082,2.7697052945960516,28516.18133601064,18980.433888293268,8.587169852939456e-09,4.099891495524735,-0.0,28524.735948108537,18967.300277034527,8.586115879054454e-09,4.099510381329999,-0.0,28605.210460853843,19456.30895784132,8.669071205000481e-09,4.0999470319998865,-0.0,28622.99389174972,19471.61345399328,8.676033999061526e-09,4.09958110716769,-0.0,28492.23232447453,19026.115277215176,8.601300806055125e-09,4.100108504475265,-0.0,28475.117949554355,18925.35270134417,8.573236766837194e-09,4.100489618669999,-0.0,28600.473186199673,19450.85032589072,8.66723113199859e-09,4.100052968000112,-0.0,28576.28168844826,19458.301283570956,8.671543379976189e-09,4.100418892832309,-0.0
CV-charge,55,1237865.496759695,4000.0000000000005,8.2,10.764223095444578,2.666395118720731,2.6677946634475203,2.722835043119773,2.707198270156551,28474.754925663634,19025.304858552525,8.587413357418483e-09,4.099891154342176,-0.0,28483.257415842174,19011.981725184633,8.586358530204027e-09,4.099515088904307,-0.0,28563.52573908067,19501.408037758218,8.669325895337106e-09,4.099947542949075,-0.0,28580.92002868906,19516.34522646545,8.676287869151694e-09,4.099584443356999,-0.0,28451.168176638068,19070.397852500406,8.601543481266199e-09,4.100108845657823,-0.0,28434.388563621684,18970.570124984868,8.5734801649235e-09,4.10048491109569,-0.0,28558.858299008694,19496.03126688061,8.667485958273202e-09,4.100052457050925,-0.0,28534.898518431455,19503.23208584723,8.671797580023631e-09,4.100415556642999,-0.0
CV-charge,56,1237938.2240324223,4072.727272727273,8.2,10.522379548428333,2.606382183288992,2.6079442696912705,2.6617445909557196,2.6463085044923527,28434.261296218745,19069.164794943925,8.587654728465356e-09,4.099890767930701,-0.0,28442.709818725405,19055.659666233776,8.586599069356653e-09,4.09951969367868,-0.0,28522.77669609463,19545.494049493405,8.669578382505858e-09,4.09994804478466,-0.0,28539.792912424768,19560.06970028422,8.67653954497477e-09,4.099587687688502,-0.0,28411.028652792098,19113.682650097922,8.601784047267893e-09,4.100109232069299,-0.0,28394.573299161264,19014.77200538577,8.57372142915433e-09,4.1004803063213195,-0.0,28518.177523058148,19540.19730104238,8.667738577938719e-09,4.1000519552153385,-0.0,28494.44655322495,19547.151108111193,8.672049577405256e-09,4.100412312311497,-0.0
CV-charge,57,1238010.9513051496,4145.454545454546,8.2,10.28669896653811,2.547893538786253,2.5496091793098246,2.6022170260137347,2.5869792224282975,28394.676725837235,19112.039453567188,8.587894021452668e-09,4.099890338881031,-0.0,28403.069557658633,19098.35958248691,8.586837551221525e-09,4.099524198795303,-0.0,28482.93936328196,19588.592990001667,8.669828723172169e-09,4.0999485377469815,-0.0,28499.58824827917,19602.812769750784,8.676789083188265e-09,4.099590843401761,-0.0,28371.790238539405,19155.995088403655,8.602022558920095e-09,4.100109661118969,-0.0,28355.648983297404,19057.98413049256,8.573960614699703e-09,4.1004758012046985,-0.0,28478.406929888846,19583.374472513406,8.667989047728523e-09,4.100051462253019,-0.0,28454.90189697707,19590.084359867145,8.672299428908622e-09,4.100409156598239,-0.0
CV-charge,58,1238083.6785778769,4218.181818181819,8.2,10.056969893059005,2.4908772041949505,2.4927378954680295,2.544198359379049,2.529156434016975,28355.978303258973,19153.953708030942,8.588131289932607e-09,4.099889869721506,-0.0,28364.313837147318,19140.106086163127,8.587074028711136e-09,4.099528607288338,-0.0,28443.99060166315,19630.72995394562,8.670076972140885e-09,4.099949022066982,-0.0,28460.28258380929,19644.59942902491,8.677036538581073e-09,4.099593913635695,-0.0,28333.430222972234,19197.359714891583,8.602259069275145e-09,4.100110130278495,-0.0,28317.593232247727,19100.231407727235,8.574197774922651e-09,4.100471392711661,-0.0,28439.52341928682,19625.587921502825,8.668237422514091e-09,4.1000509779330185,-0.0,28416.241482244826,19632.056946470704,8.672547189509413e-09,4.1004060863643055,-0.0
CV-charge,59,1238156.4058506042,4290.909090909091,8.2,9.832991058987057,2.435283693675655,2.43728138374109,2.4876372143711585,2.472788767199152,28318.143888831513,19194.931591974706,8.588366585718976e-09,4.099889362915745,-0.0,28326.420626811498,19180.922961154294,8.587308553023287e-09,4.099532922085734,-0.0,28405.90806168396,19671.929177523456,8.670323182443296e-09,4.09994949796646,-0.0,28421.853267906896,19685.453815931116,8.677281964162796e-09,4.099596901428891,-0.0,28295.926660042405,19237.80024808149,8.60249362965659e-09,4.100110637084255,-0.0,28280.384413524494,19141.53790625157,8.574432961462367e-09,4.100467077914265,-0.0,28401.504679140344,19666.861928195853,8.668483755391161e-09,4.100050502033539,-0.0,28378.443029763832,19673.0931131368,8.67279291238231e-09,4.100403098571108,-0.0
CV-charge,60,1238229.1331233315,4363.636363636364,8.2,9.614570779340756,2.3810658691138586,2.383192927198455,2.432484671244085,2.4178273117843587,28281.152077841783,19234.9963390702,8.588599958965686e-09,4.099888820860744,-0.0,28289.368625171046,19220.83320232668,8.587541173717765e-09,4.099537146011156,-0.0,28368.670145406773,19712.214079677735,8.670567405415493e-09,4.099949965658335,-0.0,28384.27841232903,19725.399253160947,8.677525411240727e-09,4.099599809720295,-0.0,28259.25833221726,19277.339617012723,8.602726289738975e-09,4.100111179139256,-0.0,28244.00161037321,19181.926896735255,8.574666224309662e-09,4.100462853988845,-0.0,28364.329147693417,19707.219954037344,8.668728097759114e-09,4.100050034341664,-0.0,28341.485010614495,19713.216286316296,8.67303664897835e-09,4.100400190279705,-0.0
CV-charge,61,1238301.8603960585,4436.363636363637,8.199999999999998,9.401526389702326,2.3281788024474017,2.33042799105538,2.378694122284069,2.3642254739154756,28244.982166004716,19274.17042067286,8.588831458239713e-09,4.099888245885172,-0.0,28253.137225537183,19259.859052515836,8.587771938788293e-09,4.09954128178615,-0.0,28332.255970927024,19751.607300867367,8.670809690772027e-09,4.099950425346955,-0.0,28347.53685551507,19764.45828702319,8.677766929497167e-09,4.099602641349903,-0.0,28223.404716263885,19315.999998405492,8.602957097620142e-09,4.100111754114826,-0.0,28208.424588285903,19221.420888799235,8.574897611880469e-09,4.100458718213848,-0.0,28327.97597802629,19746.68468057926,8.668970499396653e-09,4.100049574653044,-0.0,28305.346610627228,19752.449112626353,8.673278449145133e-09,4.100397358650096,-0.0
CV-charge,62,1238374.5876687858,4509.09090909091,8.2,9.193683720031856,2.2765796470647195,2.278944096205506,2.326221136535219,2.311938840226411,28209.61411696,19312.475581279115,8.589061130591053e-09,4.099887640248157,-0.0,28217.706483897156,19298.022037376188,8.588000894731337e-09,4.099545332032236,-0.0,28296.645338877606,19790.13073956947,8.671050086680617e-09,4.099950877228346,-0.0,28311.60812852268,19802.652723917952,8.678006567061387e-09,4.099605399059907,-0.0,28188.345951034047,19353.802851650016,8.603186099890563e-09,4.100112359751842,-0.0,28173.633763459096,19260.041666279943,8.575127171084527e-09,4.100454667967762,-0.0,28292.425004611665,19785.278046045056,8.669211008531889e-09,4.100049122771653,-0.0,28270.00769688352,19790.8134954821,8.673518361154378e-09,4.100394600940092,-0.0
CV-charge,63,1238447.3149415131,4581.818181818182,8.2,8.990876602974426,2.2262275175981356,2.228700700966154,2.275023333444314,2.2609250509658216,28175.028531646378,19349.932871925626,8.589289021618193e-09,4.09988700613831,-0.0,28183.05708863189,19335.34299821652,8.588228086609874e-09,4.099549299273224,-0.0,28261.81870088042,19827.805586653216,8.67128863982615e-09,4.0999513214905,-0.0,28276.472422950064,19840.003664685122,8.678244370575086e-09,4.099608085495798,-0.0,28154.0628071068,19390.76895177129,8.603413341698058e-09,4.100112993861688,-0.0,28139.610173061923,19297.81032046103,8.575354947390254e-09,4.100450700726776,-0.0,28257.65671182155,19823.021279760927,8.66944967190999e-09,4.100048678509499,-0.0,28235.448786158042,19828.33062959915,8.673756431776764e-09,4.100391914504201,-0.0
CV-charge,64,1238520.0422142404,4654.545454545455,8.2,8.792946414181745,2.1770833775104195,2.1796590904738324,2.225060264758324,2.21114368143917,28141.206619436984,19386.562681675827,8.589515175528843e-09,4.099886345673003,-0.0,28149.170331981055,19371.842122961716,8.58845355811519e-09,4.099553185937579,-0.0,28227.757129814814,19864.652357771014,8.671525395474535e-09,4.099951758313628,-0.0,28242.110560708177,19876.5315369632,8.67848038525732e-09,4.099610703207885,-0.0,28120.536658172452,19426.918420497524,8.60363886680948e-09,4.100113654326997,-0.0,28106.3354472163,19334.747281403837,8.57558098488567e-09,4.100446814062421,-0.0,28223.6522042432,19859.934934615834,8.669686534856872e-09,4.100048241686372,-0.0,28201.65101519545,19865.021033497673,8.673992706394627e-09,4.100389296792115,-0.0
CV-charge,65,1238592.7694869677,4727.272727272728,8.2,8.599741642300478,2.1291099339100796,2.1317822731445855,2.17629330409048,2.1625561311553314,28108.130170911907,19422.384767304207,8.589739635199492e-09,4.099885660897985,-0.0,28116.028083111025,19407.53897535257,8.588677351623687e-09,4.0995569943608485,-0.0,28194.44229178842,19900.69092389382,8.671760397533251e-09,4.099952187870463,-0.0,28208.503965531538,19912.25612568951,8.678714654964217e-09,4.09961325465273,-0.0,28087.749454048786,19462.27075556098,8.603862717668902e-09,4.100114339102014,-0.0,28073.791782550405,19370.87234750028,8.575805326336136e-09,4.10044300563915,-0.0,28190.39317869884,19896.038917646,8.669921641337766e-09,4.100047812129536,-0.0,28168.596112680792,19900.904580136255,8.674227229020952e-09,4.100386745347269,-0.0
CV-charge,66,1238665.496759695,4800.0,8.199999999999998,8.411117486546075,2.0822715390900686,2.085034883734854,2.1286855435929013,2.1151255201282497,28075.781532180023,19457.41828130386,8.589962442229985e-09,4.099884953787168,-0.0,28083.612762710312,19442.45252249626,8.588899508251055e-09,4.099560726788174,-0.0,28161.856419698786,19935.940540104944,8.671993688606814e-09,4.099952610326542,-0.0,28175.634636106577,19947.196601862797,8.678947222246011e-09,4.099615742194946,-0.0,28055.68369522399,19496.844858335655,8.60408493545183e-09,4.10011504621283,-0.0,28041.96191725344,19406.204713351337,8.576028013238856e-09,4.100439273211824,-0.0,28157.861897851675,19931.35251888144,8.67015503401485e-09,4.100047389673455,-0.0,28136.266372815313,19936.00052580431,8.67446004232533e-09,4.100384257805052,-0.0
CV-charge,67,1238738.2240324223,4872.727272727273,8.2,8.226935479846489,2.0365340982927043,2.0393830925169714,2.0822016972229753,2.0688165918138384,28044.143580630443,19491.68179832266,8.59018363699538e-09,4.099884226242633,-0.0,28051.907319003058,19476.601160881604,8.589120067903363e-09,4.0995643853768495,-0.0,28129.98228828197,19970.41987278019,8.672225310050927e-09,4.099953025840453,-0.0,28143.48512071965,19981.37154967791,8.679178128400373e-09,4.099618168108924,-0.0,28024.32240881776,19530.65905992609,8.604305560117618e-09,4.100115773757366,-0.0,28010.829107522917,19440.762996096553,8.576249085874071e-09,4.10043561462315,-0.0,28126.04116529482,19965.8944385745,8.670386754299573e-09,4.100046974159547,-0.0,28104.64463037548,19970.327537375237,8.674691187758886e-09,4.1003818318910765,-0.0
CV-charge,68,1238810.9513051496,4945.454545454546,8.2,8.047063135826225,1.9918649832989832,1.9947945201451507,2.03680801016076,2.0235956222213307,28013.199702044443,19525.193340116686,8.590403258695556e-09,4.099883480094927,-0.0,28020.895205088487,19510.002740939864,8.589339069327045e-09,4.099567972198927,-0.0,28098.80319056416,20004.14702523282,8.672455302021376e-09,4.099953434564151,-0.0,28112.038493327625,20014.798992139098,8.679407413521455e-09,4.099620534580792,-0.0,27993.649125899043,19563.73114579454,8.6045246304587e-09,4.1001165199050735,-0.0,27980.377105314292,19474.56526026696,8.576468583354658e-09,4.100432027801073,-0.0,28094.91430204509,19999.682812895728,8.670616842403352e-09,4.10004656543585,-0.0,28073.71423717742,20003.90371803861,8.674920705554504e-09,4.100379465419208,-0.0
CV-charge,69,1238883.6785778769,5018.181818181819,8.2,7.871373617898167,1.9482329514039936,1.9512381578275302,1.9924721739128728,1.9794303347537694,27982.933768966268,19557.970399131475,8.590621345401805e-09,4.099882717103462,-0.0,27990.56035753729,19542.674590260416,8.589556550153243e-09,4.099571489243797,-0.0,28068.302915611177,20037.13956194223,8.672683703523337e-09,4.099953836643158,-0.0,28081.278330951347,20047.496415247246,8.67963511655172e-09,4.099622843710562,-0.0,27963.647860042056,19596.07837903328,8.604742184146265e-09,4.100117282896537,-0.0,27950.590137319094,19507.62904128093,8.576686543671451e-09,4.1004285107562035,-0.0,28064.465124325627,20032.735238205038,8.670845337385836e-09,4.100046163356843,-0.0,28043.45903984789,20036.74663158621,8.675148634773711e-09,4.100377156289439,-0.0
CV-charge,70,1238956.4058506042,5090.909090909091,8.2,7.699745428979022,1.9056080694263424,1.9086842924323648,1.9491632467340536,1.9362898203862626,27953.330120261464,19590.029960780194,8.59083793410096e-09,4.09988193895711,-0.0,27960.887176149496,19574.63353552402,8.589772546941791e-09,4.099574938420892,-0.0,28038.465727508217,20069.41453144661,8.67291055245589e-09,4.099954232216908,-0.0,28051.188692327196,20079.48079084569,8.679861275323265e-09,4.099625097514078,-0.0,27934.303087063883,19627.717522348903,8.604958257774789e-09,4.100118061042889,-0.0,27921.45288509368,19539.971367642447,8.5769030037377e-09,4.100425061579107,-0.0,28034.677922584047,20065.068793981147,8.671072277199635e-09,4.100045767783091,-0.0,28013.863358816623,20068.87332536956,8.675375013390518e-09,4.100374902485921,-0.0
CV-charge,71,1239029.1331233315,5163.636363636364,8.2,7.532062120421938,1.8639616424160157,1.8671044362019051,1.9068515789898088,1.8941444628142081,27924.373541797224,19621.38852450857,8.591053060736859e-09,4.099881147274979,-0.0,27931.86050482071,19605.895923253393,8.589987095223133e-09,4.099578321562367,-0.0,28009.27634548838,20100.988487974926,8.673135885654299e-09,4.099954621418959,-0.0,28021.75409772193,20110.768598218085,8.680085926603267e-09,4.099627297925339,-0.0,27905.599725876058,19658.664858855438,8.605172886903293e-09,4.100118852725021,-0.0,27892.950466268656,19571.608781934745,8.57711799943008e-09,4.100421678437632,-0.0,28005.537441652767,20096.700064498353,8.671297698732555e-09,4.100045378581039,-0.0,27984.911968469285,20100.30035198632,8.675599878302769e-09,4.10037270207466,-0.0
CV-charge,72,1239101.8603960585,5236.363636363637,8.2,7.368212018816588,1.823266146719485,1.826471260750643,1.8655087431208435,1.852965868225616,27896.049248159394,19652.06212371747,8.591266760250547e-09,4.099880343607284,-0.0,27903.465613430268,19636.477639436107,8.590200229537053e-09,4.0995816404257654,-0.0,27980.719925138063,20131.877511910774,8.673359738931393e-09,4.099955004377307,-0.0,27992.95950984771,20141.375844507067,8.680309106133743e-09,4.09962944679868,-0.0,27877.52312035812,19688.936211730907,8.60538610609572e-09,4.100119656392716,-0.0,27865.068416765804,19602.55736068386,8.577331565627604e-09,4.100418359574233,-0.0,27977.02886198808,20127.645159324406,8.671521637849035e-09,4.100044995622693,-0.0,27956.590078372697,20131.043789794527,8.675823265372508e-09,4.100370553201321,-0.0
CV-charge,73,1239174.5876687858,5309.09090909091,8.2,7.208087969493126,1.783495167127866,1.7867585350794235,1.8251074678986665,1.812726799387169,27868.342865352774,19682.066344616356,8.591479066617597e-09,4.099879529436408,-0.0,27875.688180709512,19666.39412810022,8.590411983469447e-09,4.099584896696629,-0.0,27952.782040614304,20162.097229150684,8.673582147115281e-09,4.0999553812145795,-0.0,27964.79031580562,20171.318084029153,8.680530848670738e-09,4.099631545911117,-0.0,27850.059022212627,19718.54696282509,8.60559794895722e-09,4.100120470563592,-0.0,27837.792673971613,19632.832733155774,8.577543736249719e-09,4.100415103303371,-0.0,27949.137781914127,20157.919732714443,8.671744129427992e-09,4.10004461878542,-0.0,27928.883315516185,20161.11926230841,8.67604520948882e-09,4.100368454088883,-0.0
CV-charge,74,1239247.3149415131,5381.818181818182,8.2,7.051587095608323,1.7446233378375338,1.7479410673227103,1.7856215766919836,1.7734011137560952,27841.24041443105,19711.416344066096,8.591690012884247e-09,4.099878706177986,-0.0,27848.514278008686,19695.660408898995,8.590622389687866e-09,4.099588091991318,-0.0,27925.44866781562,20191.662829421024,8.673803144086553e-09,4.099955752048347,-0.0,27937.232309998748,20200.61043655384,8.680751188019995e-09,4.099633596964682,-0.0,27823.193574734672,19747.512070268338,8.605808448170444e-09,4.1001212938220135,-0.0,27811.109560805675,19662.45009915081,8.57775454429107e-09,4.100411908008681,-0.0,27921.85020082563,20187.539001966357,8.671965207399882e-09,4.100044247951652,-0.0,27901.777707505593,20190.54195656533,8.676265744572113e-09,4.100366403035317,-0.0
CV-charge,75,1239320.0422142404,5454.545454545455,8.2,6.898610571758644,1.706626286956333,1.7099946499961842,1.7470259294626092,1.7349637053435172,27814.728295982623,19740.126866478367,8.591899631200364e-09,4.099877875182165,-0.0,27821.930353930456,19724.291093768505,8.590831479975461e-09,4.099591227859512,-0.0,27898.706168442826,20220.58908363236,8.67402276281204e-09,4.099956116991289,-0.0,27910.271677952238,20229.267604609795,8.680970157073335e-09,4.099635601588787,-0.0,27796.913297435047,19775.846085151163,8.606017635529315e-09,4.100122124817833,-0.0,27785.00577062326,19691.424245860733,8.577964021855497e-09,4.100408772140487,-0.0,27895.152503269495,20216.51776479815,8.672184904781181e-09,4.10004388300871,-0.0,27875.259666647788,20219.326640503317,8.676484903639621e-09,4.100364398411211,-0.0
CV-charge,76,1239392.7694869677,5527.272727272728,8.2,6.749063411185859,1.6694805843404075,1.672896008510215,1.7092963682542441,1.6973904500809929,27788.793275436907,19768.212259826443,8.59210795285267e-09,4.099877037734975,-0.0,27795.9232197647,19752.300402711826,8.591039285262111e-09,4.099594305786824,-0.0,27872.541274896987,20248.890360310557,8.674241035378668e-09,4.0999564761515375,-0.0,27883.89498098617,20257.303889877996,8.681187787840454e-09,4.099637561342561,-0.0,27771.20507147776,19803.563167322834,8.606225541970757e-09,4.100122962265025,-0.0,27759.46835291355,19719.769563846603,8.578172200187374e-09,4.100405694213178,-0.0,27869.03144387485,20244.87041581147,8.672403253706608e-09,4.100043523848464,-0.0,27849.315974873003,20247.48767943107,8.676702718815039e-09,4.100362438657439,-0.0
CV-charge,77,1239465.496759695,5600.000000000001,8.2,6.602854265699818,1.6331636925427375,1.636622752739565,1.672409665946485,1.6606581544710313,27763.422469144134,19795.686490818403,8.592315008294978e-09,4.099876195059621,-0.0,27770.48003567444,19779.702178759282,8.591245835654675e-09,4.099597327197535,-0.0,27846.941075971532,20276.580641169447,8.674457993023907e-09,4.09995682963284,-0.0,27858.08914169197,20284.733208721475,8.681404111481029e-09,4.099639477717318,-0.0,27746.056125873605,19830.677100367568,8.606432197605487e-09,4.100123804940378,-0.0,27734.484699742687,19747.500062171137,8.578379109702705e-09,4.100402672802466,-0.0,27843.474133065003,20272.61096209786,8.672620285461233e-09,4.100043170367159,-0.0,27823.933769454885,20275.039051624237,8.67691922137922e-09,4.100360522282681,-0.0
CV-charge,78,1239538.2240324223,5672.727272727273,8.2,6.459895237450146,1.5976539206563611,1.60115333145161,1.636343478051742,1.624744507290432,27738.6033311553,19822.5631592856,8.592520827177134e-09,4.099875348318121,-0.0,27745.588297600105,19806.509902158945,8.591451160466225e-09,4.099600293457031,-0.0,27821.893003280453,20303.67353587798,8.674673666166374e-09,4.099957177534821,-0.0,27832.84143016156,20311.56910691286,8.68161915833394e-09,4.0996413521389465,-0.0,27721.45402438837,19857.201305801307,8.606637631747057e-09,4.100124651681878,-0.0,27710.042532887386,19774.62938276689,8.578584780017527e-09,4.100399706542967,-0.0,27818.4680235113,20299.75303802744,8.672836030510514e-09,4.100042822465176,-0.0,27799.100529463038,20301.994363117035,8.677134441787433e-09,4.100358647861053,-0.0
CV-charge,79,1239610.9513051496,5745.454545454546,8.199999999999998,6.320101701851483,1.5629303808936972,1.5664669894200913,1.601076297371445,1.5896280341662494,27714.32364070615,19848.855511829795,8.592725438372903e-09,4.09987449861264,-0.0,27721.2358248363,19832.736703839768,8.591655288243128e-09,4.09960320587434,-0.0,27797.384818390437,20330.182296065475,8.674888084432885e-09,4.099957519953189,-0.0,27808.13945093188,20337.824773595992,8.68183295794627e-09,4.099643185970232,-0.0,27697.386653121303,19883.14885654316,8.60684187293906e-09,4.100125501387358,-0.0,27686.12989163847,19801.170814056753,8.578789239975031e-09,4.10039679412566,-0.0,27794.000897283062,20326.309919278574,8.673050518526883e-09,4.100042480046812,-0.0,27774.80406292048,20328.366861731985,8.677348409697683e-09,4.100356814029768,-0.0
CV-charge,80,1239683.6785778769,5818.181818181819,8.2,6.183392140888816,1.528972947707962,1.532543727038313,1.5665874113159088,1.55528805482663,27690.571490317056,19874.57645477482,8.592928870006363e-09,4.099873646987276,-0.0,27697.410748232094,19858.395378188226,8.591858246791198e-09,4.099606065704615,-0.0,27773.40460060523,20356.11982861,8.675101276686651e-09,4.099957856979919,-0.0,27783.971130590868,20363.513054535113,8.682045539100623e-09,4.09964498051325,-0.0,27673.842208723825,19908.53248969483,8.607044948981932e-09,4.100126353012724,-0.0,27662.735121213893,19827.137303882002,8.578992517672736e-09,4.100393934295386,-0.0,27770.06085365362,20352.294536156594,8.673263778418988e-09,4.100042143020079,-0.0,27751.03249461351,20354.169450382262,8.677561154003503e-09,4.100355019486749,-0.0
CV-charge,81,1239756.4058506042,5890.909090909091,8.2,6.049687986188586,1.4957622193061644,1.4993642622921532,1.5328568617287508,1.5217046428615186,27667.3352745112,19899.738566459517,8.593131149477037e-09,4.0998727944294515,-0.0,27674.101498990534,19883.498395179126,8.592060063200317e-09,4.099608874151563,-0.0,27749.940735368054,20381.49870825482,8.675313271052638e-09,4.099958188703534,-0.0,27760.324706010924,20388.64646469064,8.682256929839833e-09,4.099646737011785,-0.0,27650.809187203362,19933.36461867668,8.607246886957838e-09,4.100127205570547,-0.0,27639.846861763453,19852.541471785597,8.579194640486584e-09,4.100391125848436,-0.0,27746.636297524354,20377.719486226,8.67347583835562e-09,4.100041811296464,-0.0,27727.774254522315,20379.414699705587,8.677772702851383e-09,4.100353262988211,-0.0
CV-charge,82,1239829.1331233315,5963.636363636364,8.2,5.918913471226264,1.4632794814005707,1.4669099949340565,1.4998654070517858,1.48885858783985,27644.603679085918,19924.354108921045,8.593332303483707e-09,4.099871941871766,-0.0,27651.29679803088,19908.0579119045,8.59226076386859e-09,4.099611632369712,-0.0,27726.98190324854,20406.331189588524,8.67552409494107e-09,4.09995851520928,-0.0,27737.188713185176,20413.237200162832,8.682467157492558e-09,4.099648456653538,-0.0,27628.276373297707,19957.657344750165,8.607447713254426e-09,4.1001280581282336,-0.0,27617.454037915057,19877.395620670584,8.579395635094984e-09,4.100388367630289,-0.0,27723.715928429967,20402.597046315117,8.673686725790767e-09,4.1000414847907205,-0.0,27705.01806683381,20404.1148600631,8.677983083675221e-09,4.100351543346462,-0.0
CV-charge,83,1239901.8603960585,6036.363636363637,8.2,5.79099549209195,1.4315066730618122,1.4351629727262554,1.4675944866832484,1.4567313596206335,27622.36567092467,19948.43503898734,8.593532358047954e-09,4.099871090193553,-0.0,27628.985645867728,19932.08578352461,8.592460374524724e-09,4.0996143414668875,-0.0,27704.517069479345,20430.62921842971,8.67573377507213e-09,4.099958836579237,-0.0,27714.551976605337,20437.29714953617,8.68267624869662e-09,4.099650140572496,-0.0,27606.23283037323,19981.422467971464,8.60764745358757e-09,4.100128909806447,-0.0,27595.545848849033,19901.711747888006,8.579595527501487e-09,4.100385658533113,-0.0,27701.28873008664,20426.939183924853,8.673896467487362e-09,4.100041163420763,-0.0,27682.75293949917,20428.28187292814,8.67819232322384e-09,4.100349859427503,-0.0
CV-charge,84,1239974.5876687858,6109.09090909091,8.2,5.6658634763127855,1.400426354542664,1.4041058596269558,1.4360261874003228,1.4253050747428435,27600.61048831174,19971.993018825906,8.593731338535087e-09,4.099870240222539,-0.0,27607.157313000902,19955.593573679966,8.592658920249352e-09,4.099617002506259,-0.0,27682.535474004162,20454.40444264742,8.675942337497326e-09,4.09995915289265,-0.0,27692.403599179204,20460.837904662516,8.682884229420667e-09,4.099651789851188,-0.0,27584.66789081922,20004.671497600542,8.607846133023574e-09,4.100129759777461,-0.0,27574.111758849984,19925.501555775543,8.579794343056578e-09,4.100382997493739,-0.0,27679.343960466143,20450.75756806353,8.67410508953905e-09,4.100040847107348,-0.0,27660.968154316524,20451.92738172269,8.678400447580399e-09,4.100348210148812,-0.0
CV-charge,85,1240047.3149415131,6181.818181818182,8.2,5.543449259192407,1.3700216769483458,1.3737219057970662,1.405143211707812,1.3945624647391819,27579.32763170984,19995.039425976156,8.593929269675342e-09,4.099869392736687,-0.0,27585.801330762497,19978.59256440084,8.592856425495988e-09,4.099619616508671,-0.0,27661.026622018187,20477.66822244994,8.67614980762132e-09,4.099959464226017,-0.0,27670.732952633403,20483.870770912705,8.68309112498614e-09,4.099653405522808,-0.0,27563.571146917668,20027.415661999836,8.608043775999215e-09,4.1001306072633135,-0.0,27553.141488327325,19948.77646167892,8.579992106478183e-09,4.100380383491329,-0.0,27657.87114234657,20474.06357955764,8.67431261739148e-09,4.100040535773984,-0.0,27639.653257487294,20475.06274211544,8.678607482151055e-09,4.100346594477191,-0.0
CV-charge,86,1240120.0422142404,6254.545454545455,8.2,5.423686967251927,1.3402763536523954,1.3439949193211334,1.3749288479979895,1.3644868462804074,27558.506855003412,20017.585362896894,8.594126175584225e-09,4.099868548465707,-0.0,27564.907482615657,20001.093765531878,8.593052914110469e-09,4.099622184454602,-0.0,27639.980274963487,20500.43164017672,8.676356210221665e-09,4.099959770653261,-0.0,27649.52966838877,20506.40677693388,8.683296960087478e-09,4.099654988573454,-0.0,27542.93244214989,20049.66591805892,8.608240406342259e-09,4.100131451534291,-0.0,27532.625005262922,19971.54760749534,8.580188841871436e-09,4.100377815545397,-0.0,27636.860054322977,20496.868320861508,8.674519075862698e-09,4.100040229346737,-0.0,27618.798050644524,20497.6990318185,8.678813451729668e-09,4.100345011426547,-0.0
CV-charge,87,1240184.5048591578,6319.008099462834,8.2,5.32001,1.3145271338499318,1.3182597328860957,1.3487718123762658,1.338451320887708,27540.484534442417,20037.100877186545,8.594299747260488e-09,4.0998678054519,-0.0,27546.820475790686,20020.572103227852,8.593226123886308e-09,4.099624416269639,-0.0,27621.758442064955,20520.13999512337,8.676538159557673e-09,4.0999600374400105,-0.0,27631.173255082143,20525.916864511568,8.683478413087616e-09,4.099656361147592,-0.0,27525.067721801806,20068.92549278277,8.608413745550586e-09,4.100132194548098,-0.0,27514.864668984566,19991.259626227045,8.580362259719146e-09,4.10037558373036,-0.0,27618.668748533404,20516.61245357827,8.67470107298089e-09,4.100039962559988,-0.0,27600.74297993178,20517.295938447274,8.678995019767902e-09,4.100343638852405,-0.0
