,,Global Time,Time,Pack Voltage,Pack Current,String 1 Iapp,String 2 Iapp,String 3 Iapp,String 4 Iapp,"Cell 1,1 Cathode Concentration","Cell 1,1 Anode Concentration","Cell 1,1 Anode SEI Length","Cell 1,1 Voltage","Cell 1,1 Capacity by Area","Cell 1,2 Cathode Concentration","Cell 1,2 Anode Concentration","Cell 1,2 Anode SEI Length","Cell 1,2 Voltage","Cell 1,2 Capacity by Area","Cell 1,3 Cathode Concentration","Cell 1,3 Anode Concentration","Cell 1,3 Anode SEI Length","Cell 1,3 Voltage","Cell 1,3 Capacity by Area","Cell 1,4 Cathode Concentration","Cell 1,4 Anode Concentration","Cell 1,4 Anode SEI Length","Cell 1,4 Voltage","Cell 1,4 Capacity by Area","Cell 2,1 Cathode Concentration","Cell 2,1 Anode Concentration","Cell 2,1 Anode SEI Length","Cell 2,1 Voltage","Cell 2,1 Capacity by Area","Cell 2,2 Cathode Concentration","Cell 2,2 Anode Concentration","Cell 2,2 Anode SEI Length","Cell 2,2 Voltage","Cell 2,2 Capacity by Area","Cell 2,3 Cathode Concentration","Cell 2,3 Anode Concentration","Cell 2,3 Anode SEI Length","Cell 2,3 Voltage","Cell 2,3 Capacity by Area","Cell 2,4 Cathode Concentration","Cell 2,4 Anode Concentration","Cell 2,4 Anode SEI Length","Cell 2,4 Voltage","Cell 2,4 Capacity by Area"
CC-discharge,0,453605.31779550534,0.0,7.7283144996110344,-53.2,-13.163731645902837,-13.356290941361328,-13.29884081034997,-13.38113660238587,27643.515647502696,20618.25179852246,6.351248474106719e-09,3.863808112155921,0.0,27642.22944279969,20599.692872931846,6.351501866716963e-09,3.8632626226912565,0.0,27571.082583896357,20351.856806125885,6.337030673554925e-09,3.865483098145118,0.0,27578.55636428186,20394.318423745965,6.34112098505848e-09,3.865252359192089,0.0,27631.818371784735,20619.174039368292,6.351425722390129e-09,3.864506387455113,0.0,27617.041298704793,20611.58289607199,6.353768604472796e-09,3.8650518769197784,0.0,27595.777764546554,20304.16631094813,6.328782954428211e-09,3.8628314014659164,0.0,27596.463651424154,20349.900699737027,6.333340374512441e-09,3.8630621404189456,0.0
CC-discharge,1,453678.04506823263,72.72727272727273,7.7097350264563325,-53.2,-13.174829247565846,-13.359218921680634,-13.293371891927485,-13.372579938826037,27919.38660751168,20357.794723116334,6.3512484741048106e-09,3.854498683078928,0.2660460696309968,27920.955604276645,20339.35261806501,6.351501866715703e-09,3.853927929837236,0.26985363498022186,27845.974921489462,20092.227857263657,6.337030673547931e-09,3.8562451650406695,0.2686082091139137,27854.98334325559,20135.533257164236,6.341120985134085e-09,3.8560021227999175,0.27023956102234253,27905.960011520514,20358.84088056458,6.3514257223881455e-09,3.855236343377404,0.2660460696309968,27892.002520041355,20352.82439938612,6.353768604444815e-09,3.8558070966190945,0.26985363498022186,27874.454993892425,20038.92201951002,6.32878295439609e-09,3.853489861415662,0.2686082091139137,27875.63904926743,20085.800064289855,6.333340374685529e-09,3.8537329036564154,0.27023956102234253
CC-discharge,2,453750.77234095987,145.45454545454547,7.696234538122583,-53.2,-13.18177865304399,-13.361045938723345,-13.289947655999194,-13.367227752233482,28124.351394761445,20136.677946062413,6.351248474104801e-09,3.847734486010279,0.5322744322634194,28127.93104916703,20118.441114254765,6.3515018667159185e-09,3.847145580288925,0.5397553002368277,28049.992607471693,19872.02741446641,6.337030673545655e-09,3.8495326711428834,0.5371265883859004,28060.100010155795,19916.086875252233,6.341120985126781e-09,3.8492808818448023,0.5403386286088023,28109.639959792847,20137.829303338785,6.351425722387931e-09,3.8485000521123047,0.5322744322634194,28096.18220956956,20133.25509514642,6.3537686044538374e-09,3.8490889578336573,0.5397553002368277,28081.28172454967,19813.95900717904,6.3287829544089565e-09,3.8467018669797,0.5371265883859004,28082.795121003277,19861.846235424113,6.3333403746422015e-09,3.846953656277783,0.5403386286088023
CC-discharge,3,453823.49961368716,218.1818181818182,7.683071126411315,-53.2,-13.18779636836036,-13.362575968832495,-13.287028418067303,-13.362599244739846,28328.531298499816,19915.45150596229,6.351248474104864e-09,3.841139315935185,0.7986337759139683,28334.032065090396,19897.509167559376,6.351501866716598e-09,3.8405328542413013,0.809690875060624,28253.069235918792,19651.894176459016,6.337030673641288e-09,3.8429875627126338,0.8055808921643499,28264.240577396235,19696.740111049297,6.341120985066544e-09,3.8427273351941857,0.8103368811034823,28312.539944662723,19916.708115240654,6.351425722387587e-09,3.84193181047613,0.7986337759139683,28299.49928162656,19913.665472228033,6.353768604399233e-09,3.842538272170015,0.809690875060624,28287.154440595346,19589.06465316604,6.328782954410528e-09,3.84008356369868,0.8055808921643499,28288.96538805483,19637.994070423847,6.333340374638637e-09,3.84034379121713,0.8103368811034823
CC-discharge,4,453896.22688641446,290.90909090909093,7.670173929564388,-53.2,-13.193094568869766,-13.363871370006557,-13.284504795679798,-13.358529265443885,28532.772809356826,19694.134267363104,6.351248474104892e-09,3.8346776436618217,1.0651074217445757,28540.132515521494,19676.555287858864,6.351501866717044e-09,3.8340541046709475,1.079654989594352,28456.08713351929,19431.804007463084,6.337030673653415e-09,3.836574627967301,1.073980217555735,28468.298726205303,19477.461857332804,6.3411209848468106e-09,3.8363062094107945,1.0802472700952372,28515.50115046294,19695.496171843715,6.3514257223888064e-09,3.835496285902566,1.0651074217445757,28502.815795829665,19694.054049563158,6.353768604409388e-09,3.8361198248934403,1.079654989594352,28492.967617151167,19364.214299675536,6.328782954423025e-09,3.833599301597087,1.073980217555735,28495.05241721675,19414.211823119982,6.3333403747232395e-09,3.833867720153593,1.0802472700952372
CC-discharge,5,453968.9541591417,363.6363636363637,7.657519438408367,-53.2,-13.197777839943539,-13.364967983639891,-13.28231818051647,-13.354935995900108,28737.0850997074,19472.73670424999,6.3512484741058735e-09,3.8283376722631863,1.3316818905204677,28746.248233815102,19455.582721392057,6.351501866716764e-09,3.827697484760375,1.3496432658938111,28659.070120675617,19211.75101573571,6.33703067361708e-09,3.830282204301508,1.3423319647900407,28672.300514304494,19258.24391846608,6.341120984684e-09,3.8300058147207636,1.3500802525330555,28718.532692067674,19474.20394214637,6.3514257223885045e-09,3.829181766145181,1.3316818905204677,28706.147371663224,19474.424053668426,6.353768604392067e-09,3.829821953647991,1.3496432658938111,28698.745402593097,19139.40192753661,6.328782954423934e-09,3.8272372341068595,1.3423319647900407,28701.08252529262,19190.491129538957,6.333340374752713e-09,3.8275136236876035,1.3500802525330555
CC-discharge,6,454041.681431869,436.3636363636364,7.645092444748283,-53.2,-13.201924384232141,-13.365892775533881,-13.280424537270733,-13.351758302963251,28941.462152538017,19251.26716148312,6.351248474105812e-09,3.8221117707953867,1.598345549350525,28952.378232981187,19234.59418559535,6.351501866716804e-09,3.8214553325772918,1.6196519604309199,28862.02374243795,18991.730621919098,6.337030673622361e-09,3.8241027434772774,1.6106424972929416,28876.25311525106,19039.07996092563,6.3411209846513734e-09,3.8238185855564777,1.6198448414104631,28921.62859018371,19252.83976704297,6.351425722388545e-09,3.822980673952896,1.598345549350525,28909.493035465508,19254.778185470208,6.3537686043690605e-09,3.8236371121709904,1.6196519604309199,28904.493418320795,18914.622858346152,6.328782954419747e-09,3.8209897012710043,1.6106424972929416,28907.062957165585,18966.825526064447,6.333340374720928e-09,3.821273859191804,1.6198448414104631
CC-discharge,7,454114.4087045962,509.0909090909091,7.632873333320224,-53.2,-13.205612424264153,-13.366672732187956,-13.278779648365864,-13.348935195182028,29145.89614816534,19029.734467373008,6.351248474105647e-09,3.8159901014422317,1.8650883453959421,29158.520198079106,19013.592362716176,6.351501866716806e-09,3.815317775081102,1.8896778746503324,29064.952299853336,18771.73815812,6.337030673627441e-09,3.8180265029581713,1.8789172870468467,29080.162691211077,18819.963309006875,6.341120984672682e-09,3.817734760020183,1.8895488161392033,29124.781074146806,19031.41247064085,6.3514257223886526e-09,3.816883231877992,1.8650883453959421,29112.85050356869,19035.119110916778,6.353768604359547e-09,3.8175555582391234,1.8896778746503324,29110.21602459817,18689.87232325508,6.328782954415212e-09,3.814846830362051,1.8789172870468467,29112.99993626931,18743.208199873596,6.333340374725097e-09,3.8151385733000414,1.8895488161392033
CC-discharge,8,454187.1359773235,581.8181818181819,7.620851181022575,-53.2,-13.208898368008883,-13.367327196809958,-13.277351713925716,-13.346422721255447,29350.380886520757,18808.14553434938,6.351248474105841e-09,3.8099671870049816,2.1319015857219323,29364.6722076744,18792.579384898876,6.351501866716756e-09,3.8092793175413875,2.1597182779735435,29267.859109113324,18551.769936245506,6.3370306736198154e-09,3.81204805207814,2.147161038181105,29284.033983861656,18600.888736977922,6.341120984671726e-09,3.811748897269317,2.1591988961032182,29327.9839827517,18809.928962081027,6.351425722388548e-09,3.8108839940175936,2.1319015857219323,29316.217880491324,18815.44894919931,6.353768604352025e-09,3.8115718634811873,2.1597182779735435,29315.916583278577,18465.14655439903,6.328782954414407e-09,3.808803128944435,2.147161038181105,29318.898251426333,18519.633817896567,6.333340374725659e-09,3.8091022837532567,2.1591988961032182
CC-discharge,9,454259.8632500508,654.5454545454546,7.609014453055655,-53.2,-13.211832291468713,-13.36787361601241,-13.27611218919657,-13.344181903322305,29554.91093472169,18586.506407362853,6.351248474106458e-09,3.8040372451935425,2.398777652989383,29570.832601629445,18571.557086416717,6.351501866717158e-09,3.8033341609631175,2.429770811436396,29470.747041468938,18331.82275639261,6.337030673538286e-09,3.806161653330549,2.4153778452833503,29487.871131189844,18381.851679870833,6.3411209847823475e-09,3.8058552501293477,2.428800963018145,29531.23191717357,18588.395283439317,6.351425722388203e-09,3.8049772078621125,2.398777652989383,29519.59352852172,18595.769523447587,6.3537686044511325e-09,3.805680292092536,2.429770811436396,29521.598005146352,18240.44228266882,6.328782954464093e-09,3.802852799725106,2.4153778452833503,29524.762081765137,18296.0977214019,6.3333403747580365e-09,3.8031592029263064,2.428800963018145
CC-discharge,10,454332.59052277805,727.2727272727274,7.597353038682668,-53.2,-13.21445697121997,-13.368326984530492,-13.275036565550563,-13.342179478698972,29759.481518688168,18364.82239366492,6.351248474106734e-09,3.7981952090151627,2.6657098677640163,29776.999949536556,18350.527046927313,6.3515018667149904e-09,3.7974772254854523,2.699833443765112,29673.61859442431,18111.893835711056,6.337030673486917e-09,3.8003622742862255,2.683571267048473,29691.677764595086,18162.848134046413,6.341120984907242e-09,3.8000487785653423,2.698360168897148,29734.520133259535,18366.816739442886,6.351425722387533e-09,3.7991578296675055,2.6657098677640163,29722.976036572512,18376.08240372053,6.353768604362949e-09,3.7998758131972163,2.699833443765112,29727.262822090768,18015.75666502606,6.328782954450415e-09,3.796990764396443,2.683571267048473,29730.595094792454,18072.595824513384,6.333340374820378e-09,3.7973042601173264,2.698360168897148
CC-discharge,11,454405.31779550534,800.0000000000001,7.585858056324085,-53.2,-13.216809159410323,-13.368700272347725,-13.274103672238438,-13.340386896003512,29964.08843103889,18143.098167340864,6.3512484741054905e-09,3.792436628711216,2.932692353931999,29983.173020273356,18129.490626090526,6.351501866716935e-09,3.791704051553346,2.9699044261578216,29876.47594303869,17891.980751231218,6.337030673500353e-09,3.794645491628155,2.951744400763513,29895.45708100404,17943.874577201368,6.34112098490556e-09,3.7943250533178614,2.9678810413688903,29937.84445000276,18145.19800195075,6.351425722385281e-09,3.793421427612869,2.932692353931999,29926.3641901497,18156.38894141792,6.353768604312308e-09,3.7941540047707387,2.9699044261578216,29932.913239120597,17791.087226095173,6.328782954473348e-09,3.7912125646959303,2.951744400763513,29936.400519218216,17849.124532579528,6.3333403748239e-09,3.7915330030062258,2.9678810413688903
CC-discharge,12,454478.04506823263,872.7272727272727,7.574521687347346,-53.2,-13.218920608567018,-13.369004770652555,-13.273295111167124,-13.338779509613307,30168.727954185306,17921.337855954775,6.351248474106949e-09,3.786757588150529,3.199719927345911,30189.350756308606,17908.448992249236,6.351501866716934e-09,3.78601071568227,3.2399822548749957,30079.32098210638,17672.08139241456,6.337030673483349e-09,3.7890074092799906,3.2198999440302356,30099.21190223018,17724.92790212376,6.34112098493241e-09,3.788680173703126,3.237367570718555,30141.201173117945,17923.54319656454,6.3514257223842685e-09,3.787764099196817,3.199719927345911,30129.756946008743,17936.690297784415,6.353768604288517e-09,3.788510971665075,3.2399822548749957,30138.5511771182,17566.431809690897,6.328782954512112e-09,3.7855142780673545,3.2198999440302356,30142.181204914126,17625.68067456913,6.3333403749037535e-09,3.7858415136442187,3.237367570718555
CC-discharge,13,454550.77234095987,945.4545454545455,7.563337033606291,-53.2,-13.220818901406506,-13.369250375071353,-13.272594795122634,-13.337335928399506,30373.39679612391,17699.54511275941,6.351248474107397e-09,3.7811546331851735,3.4667880032042295,30395.532252296798,17687.403146261364,6.35150186671634e-09,3.780393758293513,3.5100656401853385,30282.155361291654,17452.19392163183,6.337030673412305e-09,3.783444588211038,3.488040246113971,30302.94472442375,17506.005361550608,6.341120984889166e-09,3.783110697145005,3.506823282213634,30344.587031237574,17701.85597479954,6.351425722386276e-09,3.7821824004211173,3.4667880032042295,30333.1534110314,17716.987467595132,6.35376860431739e-09,3.7829432753127783,3.5100656401853385,30344.178308461152,17341.788538438934,6.328782954535289e-09,3.7798924453952534,3.488040246113971,30347.939672848977,17402.26144678679,6.333340374909663e-09,3.7802263364612863,3.506823282213634
CC-discharge,14,454623.49961368716,1018.1818181818182,7.552297994727215,-53.2,-13.222528127595243,-13.369445820065925,-13.271988567037376,-13.336037485301462,30578.09203663861,17477.723177141976,6.351248474106631e-09,3.775624709950207,3.733892518648692,30601.716737270403,17466.353941321693,6.351501866716647e-09,3.7748501215795995,3.7801534805402603,30484.98051447344,17232.316741165123,6.337030673411249e-09,3.777953985959409,3.756167350782254,30506.657759469985,17287.10452203546,6.341120984816361e-09,3.7776135784696896,3.776251296493442,30547.999122452336,17480.13957450271,6.351425722386553e-09,3.7766732847770075,3.733892518648692,30536.552824665236,17497.28129886159,6.353768604278925e-09,3.7774478731476147,3.7801534805402603,30549.79608677041,17117.155780066227,6.328782954494864e-09,3.7743440087678053,3.756167350782254,30553.67815689923,17178.864365804948,6.333340374857043e-09,3.774684416257525,3.776251296493442
CC-discharge,15,454696.22688641446,1090.909090909091,7.541399161868462,-53.2,-13.224069439663934,-13.369598875263426,-13.271463882942713,-13.334867802129933,30782.811082057673,17255.87492541155,6.351248474105122e-09,3.7701651114574175,4.001029867812926,30807.903559833103,17245.302099438093,6.3515018667158424e-09,3.769377095732028,4.0502448410991425,30687.79768427235,17012.448465636327,6.337030673373069e-09,3.7725329042716593,4.024283032095184,30710.352969779575,17068.223225227684,6.3411209847601584e-09,3.7721861173522804,4.04565438020487,30751.434869346405,17258.396870611283,6.351425722385364e-09,3.7712340504110444,4.001029867812926,30739.95454431356,17277.57250920596,6.353768604281657e-09,3.7720220661364348,4.0502448410991425,30755.40577177728,16892.53211922959,6.328782954479115e-09,3.7688662575968026,4.024283032095184,30759.3986389889,16955.487228938535,6.3333403747856395e-09,3.769213044516183,4.04565438020487
CC-discharge,16,454768.9541591417,1163.6363636363637,7.530635725259296,-53.2,-13.22546151299795,-13.36971651189688,-13.2710095452121,-13.333812429893072,30987.55162707684,17034.002913604916,6.351248474103123e-09,3.7647734311253895,4.268196847132743,31014.092175920854,17024.248225075324,6.351501866715491e-09,3.763972272159491,4.320338935918944,30890.60794252275,16792.587898986185,6.337030673414734e-09,3.767178943539618,4.292388824298768,30914.03209761507,16849.359555242907,6.3411209847381885e-09,3.766825912588737,4.315034988609143,30954.891981070206,17036.63041794755,6.35142572238361e-09,3.765862294133907,4.268196847132743,30943.358033260607,17057.8616994208,6.353768604243807e-09,3.7666634530998047,4.320338935918944,30961.008450074605,16667.916334002657,6.328782954451386e-09,3.7634567817196776,4.292388824298768,30965.10287870162,16732.12808095157,6.333340374801735e-09,3.7638098126705586,4.315034988609143
CC-discharge,17,454841.681431869,1236.3636363636365,7.520003393287455,-53.2,-13.226720929248936,-13.369805045908182,-13.270615475592479,-13.332858549250412,31192.311622506015,16812.109413662394,6.351248474102572e-09,3.7594475221216572,4.535390609175641,31220.28213874929,16803.192816362603,6.351501866714267e-09,3.7586335025614277,4.59043511327051,31093.412207288235,16572.734015331203,6.3370306733912505e-09,3.7618899629422313,4.560486046731137,31117.696689874123,16630.511811118617,6.341120984672644e-09,3.761530822095345,4.584395301529784,31158.368421276646,16814.842487371072,6.351425722385673e-09,3.760555871165798,4.535390609175641,31146.762850756157,16838.149364607125,6.353768604225254e-09,3.761369890726027,4.59043511327051,31166.605052363237,16443.30737631337,6.328782954424596e-09,3.7581134303452233,4.560486046731137,31170.79243831449,16508.785185942863,6.333340374784914e-09,3.758472571192109,4.584395301529784
CC-discharge,18,454914.4087045962,1309.0909090909092,7.509498321276261,-53.2,-13.227862665843903,-13.36987027102857,-13.270272470763222,-13.33199459236431,31397.08919894875,16590.19649791189,6.351248474101419e-09,3.7541854615829973,4.80260862528769,31426.473088322884,16582.136276842553,6.351501866713996e-09,3.753358862911344,4.860532843744618,31296.211271039403,16352.885927515228,6.337030673411666e-09,3.756664045383556,4.8285758239670535,31321.348155615127,16411.678443645407,6.3411209846906074e-09,3.756298927723312,4.853737252455185,31361.862332288903,16593.035150225878,6.351425722389683e-09,3.7553128596932646,4.80260862528769,31350.168641669403,16618.4359058561,6.353768604226892e-09,3.756139458364917,4.860532843744618,31372.19638202606,16218.704339817365,6.328782954449478e-09,3.752834275892705,4.8285758239670535,31376.46874089717,16285.456962883387,6.3333403748239736e-09,3.7531993935529493,4.853737252455185
CC-discharge,19,454987.1359773235,1381.818181818182,7.499117048397991,-53.2,-13.22890006650812,-13.369917551076073,-13.269972123118007,-13.331210259297801,31601.882730266076,16368.265969462633,6.351248474101559e-09,3.74898551892311,5.069848652887206,31632.664750184194,16361.07891681003,6.3515018667118596e-09,3.7481466215589245,5.130631710634564,31499.00578619615,16133.042902990843,6.337030673347315e-09,3.751499466460106,5.096659102693127,31524.987719131,16192.858106406946,6.341120984706981e-09,3.751128504112325,5.1230625539871255,31565.372098160908,16371.210208761311,6.351425722391348e-09,3.750131529474882,5.069848652887206,31553.575135247334,16398.721631578446,6.35376860423392e-09,3.7509704268390682,5.130631710634564,31577.783100466928,15994.106476123423,6.328782954467628e-09,3.7476175819378854,5.096659102693127,31582.13302291449,16062.142037700532,6.3333403748219925e-09,3.747988544285668,5.1230625539871255
CC-discharge,20,455059.8632500508,1454.5454545454547,7.48885644140802,-53.2,-13.229845122373392,-13.369951927232878,-13.269706650700696,-13.330496299693028,31806.690801980167,16146.319397906902,6.351248474099528e-09,3.7438461275761825,5.3371087053001505,31838.856928511606,16140.020961280636,6.351501866712457e-09,3.742995210784183,5.400731402334654,31701.796279086622,15913.20434779495,6.33703067336311e-09,3.746394666822075,5.364736666065033,31728.61644400316,15974.049628817715,6.341120984756174e-09,3.7460179909515228,5.392372721249659,31768.89631328225,16149.369231822011,6.351425722389801e-09,3.745010313831837,5.3371087053001505,31756.98213831649,16179.006765421755,6.353768604212497e-09,3.7458612306238366,5.400731402334654,31783.36574126002,15769.513178421734,6.328782954469665e-09,3.7424617745859448,5.364736666065033,31787.78635852453,15838.839215765587,6.333340374835912e-09,3.742838450456497,5.392372721249659
CC-discharge,21,455132.59052277805,1527.2727272727275,7.478713644074841,-53.2,-13.230708769934742,-13.369978215643414,-13.269468731652946,-13.329844282768896,32011.512166855213,15924.358168442533,6.351248474100707e-09,3.738765859605883,5.604387027444677,32045.04950093978,15918.962555841894,6.351501866709941e-09,3.7379032012307207,5.670831706808152,31904.58316542196,15693.36978924837,6.337030673321049e-09,3.741348227375174,5.632809144674666,31932.23526660491,15755.251979383938,6.341120984758239e-09,3.740965968089036,5.661669090769476,31972.433738234224,15927.513603947664,6.351425722388167e-09,3.7399477844689586,5.604387027444677,31960.389530163786,15959.291452089288,6.353768604211453e-09,3.740810442844121,5.670831706808152,31988.944725840538,15544.923963809777,6.328782954467896e-09,3.737365416699667,5.632809144674666,31993.4296934089,15615.547444397409,6.333340374831996e-09,3.737747675985805,5.661669090769476
CC-discharge,22,455205.31779550534,1600.0000000000002,7.46868603135972,-53.2,-13.231501064582591,-13.3700010930992,-13.269251380064789,-13.329246462253428,32216.34573129993,15702.383497001514,6.351248474098421e-09,3.7337434027019993,5.871682076278185,32251.2424164093,15697.903769165594,6.351501866708723e-09,3.732869278737601,5.940932507906562,32107.366755420342,15473.538870115655,6.337030673303371e-09,3.7363588468596967,5.900877024591007,32135.845006518182,15536.46425420801,6.34112098478247e-09,3.735971133023304,5.930952835668692,32175.983286283576,15705.644540490766,6.3514257223871595e-09,3.734942628657721,5.871682076278185,32163.7972604167,15739.575759834763,6.353768604233942e-09,3.73581675262212,5.940932507906562,32194.52036869786,15320.338467326257,6.328782954437617e-09,3.732327184500024,5.900877024591007,32199.063855298744,15392.265801131942,6.3333403748329146e-09,3.732714898336417,5.930952835668692
CC-discharge,23,455278.04506823263,1672.727272727273,7.45877116751402,-53.2,-13.232231332709278,-13.370025178718732,-13.269047830512829,-13.32869565805917,32421.190544315712,15480.396442689085,6.35124847409678e-09,3.728777539147092,6.138992504533659,32457.435694340864,15476.844594125994,6.351501866708133e-09,3.7278922231472955,6.211033783379471,32310.147257062257,15253.711344731955,6.337030673319874e-09,3.731425321402498,6.16894065298068,32339.446375005955,15317.68566753092,6.341120984833288e-09,3.731032280370204,6.200224978298112,32379.54401239097,15483.763100054777,6.351425722385184e-09,3.729993628366928,6.138992504533659,32367.20534823604,15519.859681577334,6.353768604192262e-09,3.730878944366725,6.211033783379471,32400.09288067695,15095.756437993581,6.328782954453063e-09,3.7273458461115228,6.16894065298068,32404.689562528147,15168.993484071312,6.333340374869247e-09,3.7277388871438166,6.200224978298112
CC-discharge,24,455350.77234095987,1745.4545454545455,7.448966767373031,-53.2,-13.232908307150094,-13.370055113586409,-13.26885142830798,-13.328185150955521,32626.045788500327,15258.397917949635,6.351248474095683e-09,3.7238671263908323,6.406317147360521,32663.62942502966,15255.784947622797,6.351501866708552e-09,3.7229708887231747,6.481135604513866,32512.924777683973,15033.887076944462,6.337030673312743e-09,3.7265465256912162,6.437000241453617,32543.039981900933,15098.915544014493,6.341120984791864e-09,3.7261482829538024,6.469486400611391,32583.115104279805,15261.87019464925,6.351425722387467e-09,3.7250996409821986,6.406317147360521,32570.61388269893,15300.143134720378,6.353768604191133e-09,3.7259958786498566,6.481135604513866,32605.662370589947,14871.17773671177,6.3287829544326e-09,3.7224202416818146,6.437000241453617,32610.30743099494,14945.729804005834,6.333340374854415e-09,3.722818484419229,6.469486400611391
CC-discharge,25,455423.49961368716,1818.1818181818182,7.439270660209141,-53.2,-13.233540249294542,-13.370095639870131,-13.2686555231842,-13.32770858765113,32830.91077292756,15036.388696665637,6.351248474097253e-09,3.719011078911194,6.673655011567032,32869.82377124684,15034.724669096606,6.351501866708343e-09,3.71810418585288,6.751238137377063,32715.699323970657,14814.066039801643,6.337030673295486e-09,3.721721395462289,6.705055867226266,32746.62634106537,14880.153312588336,6.3411209847728325e-09,3.7213180742100125,6.7387378525165085,32786.695875352045,15039.966597787732,6.351425722387416e-09,3.7202595812979466,6.673655011567032,32774.02302437513,15080.425959681736,6.35376860417375e-09,3.7211664743562607,6.751238137377063,32811.22884521658,14646.602335950829,6.3287829543886525e-09,3.717549264746851,6.705055867226266,32815.91797966911,14722.474178134602,6.333340374906648e-09,3.7179525859991283,6.7387378525165085
CC-discharge,26,455496.22688641446,1890.909090909091,7.429680755575745,-53.2,-13.234135060692905,-13.370151680784291,-13.268453364477738,-13.32725989404507,33035.78492770812,14814.369420384943,6.351248474097448e-09,3.714208351077051,6.9410052672234706,33076.01897105413,14813.663517744711,6.351501866707539e-09,3.713291063748787,7.021341645666502,32918.470800360796,14594.248316978355,6.33703067329762e-09,3.716948911028213,6.973107472152144,32950.20587454876,14661.398501719266,6.341120984793907e-09,3.7165406316274914,7.0079799583922275,32990.28575929213,14818.052950714644,6.351425722388829e-09,3.7154724044986946,6.9410052672234706,32977.43300811187,14860.70791711907,6.353768604178036e-09,3.7163896918269588,7.021341645666502,33016.79220767872,14422.030321190512,6.328782954420658e-09,3.7127318445475326,6.973107472152144,33021.521634796874,14499.226125239376,6.3333403749035475e-09,3.7131401239482544,7.0079799583922275
CC-discharge,27,455568.9541591417,1963.6363636363637,7.420195010626373,-53.2,-13.234700386442872,-13.3702284226802,-13.268237995989177,-13.326833194887751,33240.66780015066,14592.340602807024,6.3512484740951904e-09,3.7094579207527243,7.208367241436964,33282.215341890485,14592.601168383782,6.351501866706152e-09,3.7085304938830075,7.291446495196446,33121.23900585715,14374.434105910446,6.337030673330289e-09,3.7122280815967468,7.2411548596316075,33153.77891552706,14442.650736011756,6.341120984794446e-09,3.7118149609764375,7.277213221916801,33193.884306247404,14596.129766882916,6.35142572239006e-09,3.710737089873649,7.208367241436964,33180.84414705933,14640.988683827632,6.353768604197406e-09,3.7116645167433653,7.291446495196446,33222.352254211364,14197.461894140593,6.32878295443434e-09,3.7079669290296264,7.2411548596316075,33227.118732866,14275.985262214632,6.333340374942491e-09,3.7083800496499353,7.277213221916801
CC-discharge,28,455641.681431869,2036.3636363636365,7.410811398435819,-53.2,-13.235243712391334,-13.37033140050933,-13.268002148890156,-13.326422738209182,33445.559052400306,14370.302632635352,6.351248474097493e-09,3.7047587734068674,7.475740414152461,33488.41328595685,14371.53720592597,6.351501866698299e-09,3.703821453916444,7.561553160077149,33324.00362920929,14154.623722708842,6.3370306732769664e-09,3.707557930156286,7.509197689377864,33357.34571010949,14223.9097340465,6.341120984766769e-09,3.7071400810980415,7.546438029321821,33397.49118048049,14374.197434811378,6.351425722400486e-09,3.706052625028952,7.475740414152461,33384.25683798581,14421.267847239884,6.353768604381667e-09,3.706989944519376,7.561553160077149,33427.908669279954,13972.897377745656,6.328782954559129e-09,3.7032534682795335,7.509197689377864,33432.70952243405,14052.751301857508,6.333340374736861e-09,3.703671317337778,7.546438029321821
CC-discharge,29,455714.4087045962,2109.0909090909095,7.401527876881439,-53.2,-13.235772457830747,-13.3704665878173,-13.267738131112727,-13.326022823239239,33650.45846049595,14148.255774874433,6.351248474096418e-09,3.7001098865037623,7.743124415871876,33694.61329698907,14150.471118380108,6.351501866692594e-09,3.69916291189669,7.831662230666308,33526.764242423385,13934.817608869127,6.3370306733985976e-09,3.7029374787176588,7.777235469983954,33560.906418048566,14005.175307395813,6.341120984519603e-09,3.7025150090434247,7.815654651154634,33601.10615943483,14152.256219379888,6.351425722403856e-09,3.701417990377677,7.743124415871876,33587.671567958445,14201.544898475713,6.353768604620947e-09,3.7023649649847497,7.831662230666308,33633.4610189935,13748.337223052302,6.328782954602404e-09,3.6985903981637804,7.777235469983954,33638.294164841864,13829.524051873825,6.333340374829808e-09,3.699012867838015,7.815654651154634
CC-discharge,30,455787.1359773235,2181.818181818182,7.392342357664402,-53.2,-13.236294065132604,-13.37064049241698,-13.267437711813441,-13.32562773063698,33855.365914817485,13926.200170626496,6.351248474093975e-09,3.6955102139658487,8.01051902721494,33900.81596850888,13929.402288285377,6.3515018666924e-09,3.694553810510586,8.101774423395947,33729.520292491,13715.016339895725,6.3370306735348954e-09,3.698365733715166,8.04526754920543,33764.461112393285,13786.44736079448,6.34112098468558e-09,3.697938745362693,8.084863242607929,33804.729134176436,13930.306261622987,6.351425722410746e-09,3.696832143698554,8.01051902721494,33791.0889224824,13981.819223825225,6.3537686047738405e-09,3.6977885471538166,8.101774423395947,33839.008742734244,13523.782018012307,6.3287829547104795e-09,3.693976623949237,8.04526754920543,33843.872733863784,13606.303415040764,6.3333403749175335e-09,3.69440361230171,8.084863242607929
CC-discharge,31,455859.8632500508,2254.545454545455,7.383252675066522,-53.2,-13.236816087609368,-13.370860258908767,-13.267091999468393,-13.325231654013471,34060.28142187774,13704.13583541001,6.351248474088193e-09,3.6909586705045245,8.27792418027294,34107.02200365262,13708.329982475787,6.351501866695368e-09,3.6899930511850085,8.371890592601257,33932.27109127381,13495.22063591262,6.337030673484293e-09,3.6938416713772906,8.313293101844641,33968.0097781016,13567.725893430534,6.341120984518606e-09,3.6934102593537363,8.354063842452884,34008.3601111772,13708.34757705148,6.351425722410137e-09,3.6922940045619983,8.27792418027294,33994.50959519421,13762.090094577323,6.353768604699272e-09,3.6932596238815147,8.371890592601257,34044.551142887045,13299.232498324882,6.3287829547041905e-09,3.6894110036892327,8.313293101844641,34049.4452143091,13383.08939052706,6.333340374760649e-09,3.689842415712787,8.354063842452884
CC-discharge,32,455932.59052277805,2327.2727272727275,7.3742565540441705,-53.2,-13.23734627669616,-13.371133779171556,-13.266691312265007,-13.324828631867282,34265.20510746187,13482.062656017726,6.3512484740857755e-09,3.6864541156190764,8.545339961730571,34313.23222670199,13487.25334003178,6.3515018666902635e-09,3.6854794778322932,8.642011744501058,34135.01580339574,13275.431374414171,6.337030673597171e-09,3.689364222883188,8.581311115094472,34171.552309614526,13349.011001343886,6.341120984444474e-09,3.6889284740840718,8.623256370593094,34211.99921543289,13486.380052511357,6.3514257224088995e-09,3.687802438425094,8.545339961730571,34197.93439924299,13542.356655042297,6.353768604480942e-09,3.688777076211877,8.642011744501058,34250.08737257376,13074.689560460803,6.328782954844686e-09,3.6848923311609822,8.581311115094472,34255.0114995692,13159.882076349275,6.3333403747402215e-09,3.6853280799600987,8.623256370593094
CC-discharge,33,456005.31779550534,2400.0,7.365351577262318,-53.2,-13.237892669376217,-13.371469811936633,-13.266225039525587,-13.324412479161563,34470.13722112031,13259.980385910032,6.351248474084686e-09,3.681995337064561,8.812766617751503,34519.447596476966,13266.171358272572,6.351501866690677e-09,3.6810118600369908,8.91213905350215,34337.75343201314,13055.64960528258,6.337030673681541e-09,3.68493225912206,8.849320371173164,34375.088507387656,13130.302880962157,6.3411209844796375e-09,3.6844922510016764,8.89244062423985,34415.646694933144,13264.403441581202,6.351425722409729e-09,3.683356240197757,8.812766617751503,34401.364280498055,13322.617908633394,6.353768604548507e-09,3.684339717225328,8.91213905350215,34455.616421225124,12850.154277011652,6.328782954996314e-09,3.6804193181402582,8.849320371173164,34460.57138811431,12936.681672966926,6.333340374783446e-09,3.680859326260643,8.89244062423985
CC-discharge,34,456078.04506823263,2472.727272727273,7.356535150666163,-53.2,-13.238463676646964,-13.371878112577457,-13.265681492923523,-13.323976717852066,34675.07814204414,13037.888639118906,6.3512484740848805e-09,3.6775810335863555,9.080204560640627,34725.66922173607,13045.08287662385,6.3515018666904405e-09,3.6765888754777674,9.182273881022496,34540.48280229049,12835.876568265761,6.337030673796844e-09,3.680544574872032,9.11731942705649,34578.61807335425,12911.60183376477,6.341120984435606e-09,3.6801003739491356,9.161616272694534,34619.302926488504,13042.417358474959,6.351425722409383e-09,3.6789541170798077,9.080204560640627,34604.80033274004,13102.872701825629,6.353768604475761e-09,3.6799462751883962,9.182273881022496,34661.13709783187,12625.627914537536,6.3287829550442394e-09,3.6759905757941316,9.11731942705649,34666.12457891637,12713.488488053046,6.333340374675597e-09,3.6764347767170276,9.161616272694534
CC-discharge,35,456150.77234095987,2545.4545454545455,7.347804467176387,-53.2,-13.239068173700879,-13.372369574176323,-13.26504774632709,-13.323514505795712,34880.028386326485,12815.78688263857,6.35124847408274e-09,3.673209796713995,9.347654377310807,34931.89837876902,12823.986558167097,6.3515018666870425e-09,3.6722090913720478,9.45241779705031,34743.20254242754,12616.113713086042,6.337030673848453e-09,3.6761998722108027,9.385306591089323,34782.14060530373,12692.90827212014,6.341120984065125e-09,3.675751532391332,9.430782850711177,34822.96842295883,12820.421270442463,6.351425722408555e-09,3.674594670462392,9.347654377310807,34808.2438150173,12883.119705824494,6.353768604560896e-09,3.6755953758043396,9.45241779705031,34866.64801170352,12401.111954117312,6.3287829550449715e-09,3.6716045949655847,9.385306591089323,34871.670665763944,12490.302942446078,6.333340374527776e-09,3.672052934785056,9.430782850711177
CC-discharge,36,456223.49961368716,2618.1818181818185,7.3391564680776975,-53.2,-13.239715592269347,-13.3729563809031,-13.264309463283883,-13.323018563543675,35084.98861568034,12593.674427261165,6.351248474077903e-09,3.6688800913979227,9.615116839593336,35138.13653137254,12602.880868658993,6.351501866685792e-09,3.6678709447222038,9.722572604677376,34945.911062005536,12396.362722404863,6.337030673777136e-09,3.6718967429647074,9.65327989623691,34985.65559012878,12474.222726330056,6.341120984069501e-09,3.6714443036610027,9.699939750401475,35026.64384190692,12598.414488603372,6.351425722406769e-09,3.670276376679775,9.615116839593336,35011.6961713572,12663.357395707775,6.3537686045189895e-09,3.671285523355493,9.722572604677376,35072.14755052412,12176.60811480471,6.328782955008398e-09,3.6672597251129893,9.65327989623691,35077.20913044862,12267.125577339517,6.333340374436976e-09,3.6677121644166943,9.699939750401475
CC-discharge,37,456296.22688641446,2690.909090909091,7.3305878016475186,-53.2,-13.240416015474956,-13.37365217463001,-13.26345071122849,-13.322481098666552,35289.95964762822,12371.550416814378,6.351248474076396e-09,3.664590235262041,9.882592916439236,35344.38535343285,12381.764052814537,6.3515018666862045e-09,3.6635727211300604,9.99274036786458,35148.60652747862,12176.625537853532,6.337030673799384e-09,3.667633649992972,9.921237069716833,35189.16239590852,12255.545852910773,6.341120984059739e-09,3.6671771340167996,9.96908621163592,35230.32999573262,12376.396157192052,6.351425722410793e-09,3.6659975663854776,9.882592916439236,35215.159053035735,12443.584026855655,6.353768604536443e-09,3.667015080517458,9.99274036786458,35277.63385550251,11952.11838022711,6.328782955039091e-09,3.6629541516545467,9.921237069716833,35282.73933476575,12043.957062735708,6.3333403744066775e-09,3.6634106676307194,9.96908621163592
CC-discharge,38,456368.9541591417,2763.636363636364,7.322094778543985,-53.2,-13.241180275247316,-13.374472235544987,-13.262453761841073,-13.321893727366623,35494.94246723696,12149.413815734088,6.351248474073826e-09,3.6603383762305293,10.150083788062695,35550.64675433499,12160.634107587484,6.351501866685959e-09,3.6593125319321134,10.262923442714833,35351.28683455147,11956.90438939788,6.337030673784329e-09,3.6634089070931513,10.189175498737738,35392.660262768244,12036.878444189659,6.341120984027173e-09,3.662948318297233,10.23822131088878,35434.02786332665,12154.36524113694,6.351425722409397e-09,3.6617564023134554,10.150083788062695,35418.63434364351,12223.797608391631,6.353768604482035e-09,3.66278224661187,10.262923442714833,35483.10479336908,11727.645028577957,6.328782955030722e-09,3.6586858714508335,10.189175498737738,35488.2605112868,11820.798207235557,6.333340374414951e-09,3.6591464602467516,10.23822131088878
CC-discharge,39,456441.681431869,2836.3636363636365,7.31367304202082,-53.2,-13.24201966001173,-13.375432986584038,-13.26129965459016,-13.321247698814073,35699.93820046422,11927.263438330696,6.351248474075844e-09,3.656122326901417,10.417590858115815,35756.92286044359,11939.488802572865,6.351501866682789e-09,3.6550881481734696,10.53312450556462,35553.94963285977,11737.201767947912,6.337030673783344e-09,3.6592205130835036,10.45709219991381,35596.148322854024,11818.22140654417,6.341120984006324e-09,3.6587558338684,10.507343951557273,35637.73856358971,11932.320555313248,6.351425722409468e-09,3.657550715119403,10.417590858115815,35622.124140825195,12003.995923461423,6.353768604502246e-09,3.6585848938473515,10.53312450556462,35688.557981400154,11503.19060464444,6.328782955017859e-09,3.654452528937318,10.45709219991381,35693.771783528915,11597.649935833306,6.333340374414035e-09,3.6549172081524213,10.507343951557273
CC-discharge,40,456514.4087045962,2909.0909090909095,7.305318714374577,-53.2,-13.242947724655364,-13.376555158655556,-13.259964635237692,-13.320532481451387,35904.94825464059,11705.097796825024,6.351248474075013e-09,3.651940140501238,10.68511578119326,35963.21619273093,11718.325490623263,6.351501866688096e-09,3.6508975754691053,10.803346608041789,35756.59211843103,11517.520649259703,6.337030673783895e-09,3.655066741826792,10.72498375839692,35799.625493222324,11599.575875267246,6.34112098402435e-09,3.6545979298151416,10.776452842267025,35841.463495027805,11710.260612650329,6.351425722409721e-09,3.6533785738733395,10.68511578119326,35825.630931500775,11784.176341003527,6.3537686045054154e-09,3.6544211389054726,10.803346608041789,35893.99057701568,11278.75814853971,6.328782955032376e-09,3.6502519725477858,10.72498375839692,35899.2720577812,11374.5134071411,6.333340374419303e-09,3.6507207845594363,10.776452842267025
CC-discharge,41,456587.1359773235,2981.818181818182,7.297026420638753,-53.2,-13.243977621702147,-13.377859303697905,-13.258425241632306,-13.319737832967649,36109.97420374127,11482.915225532457,6.351248474079613e-09,3.6477891181499076,10.952660481661518,36169.529551710475,11497.141230610638,6.3515018666860755e-09,3.6467380610057067,11.073593218772631,35959.21117427248,11297.864342169796,6.33703067378706e-09,3.6509451364229717,10.992846282405708,36003.09056248889,11380.943121557817,6.34112098400415e-09,3.6504721214618816,11.04554648180661,36045.20422175299,11488.183748254103,6.351425722409407e-09,3.649237302488845,10.952660481661518,36029.15747835436,11564.335937756014,6.353768604503278e-09,3.6502883596330453,11.073593218772631,36099.3994203077,11054.351040668087,6.328782955041064e-09,3.64608128421578,10.992846282405708,36104.76011061311,11151.389918469258,6.33334037441476e-09,3.64655429917687,11.04554648180661
CC-discharge,42,456659.8632500508,3054.545454545455,7.288790589794026,-53.2,-13.245124187104613,-13.379369346775235,-13.256654295677995,-13.318852170442161,36315.01785305045,11260.713811746686,6.351248474079808e-09,3.64366646255739,11.22022716659896,36375.86610944369,11275.932690722573,6.351501866684904e-09,3.6426067463812433,11.343868255646099,36161.8032651182,11078.236600572292,6.3370306737861036e-09,3.646853176827915,11.260675368641166,36206.54214110282,11162.324605196069,6.341120984008515e-09,3.6463758572646854,11.31462314850772,36248.96253773224,11266.088050329936,6.351425722410563e-09,3.6451241272366364,11.22022716659896,36232.706910600085,11344.471402151506,6.353768604498332e-09,3.646183843412783,11.343868255646099,36304.780927331616,10829.973116110777,6.328782955033791e-09,3.641937412966111,11.260675368641166,36310.23453866001,10928.280959582326,6.333340374421952e-09,3.6424147325293412,11.31462314850772
CC-discharge,43,456732.59052277805,3127.2727272727275,7.280605022571457,-53.2,-13.24640351222494,-13.381111969678853,-13.254621625920922,-13.317862892175285,36520.081257832244,11038.491375563253,6.3512484740803144e-09,3.6395690609689586,11.487818355481076,36582.22945077718,11054.69610458372,6.351501866679079e-09,3.6385004496216613,11.614176147731493,36364.36439310981,10858.641671141288,6.3370306737909715e-09,3.6427880643862744,11.528466034515903,36409.97864637623,10943.721990567637,6.341120984029216e-09,3.642306302990842,11.583680876412947,36452.74048534499,11043.97134000975,6.351425722412746e-09,3.641035961602499,11.487818355481076,36436.28276466302,11124.578990696877,6.353768604490855e-09,3.642104572949796,11.614176147731493,36510.13104518513,10605.628713394299,6.328782955039864e-09,3.637816958185182,11.528466034515903,36515.69374349567,10705.18822905013,6.333340374448197e-09,3.6382987195806153,11.583680876412947
CC-discharge,44,456805.31779550534,3200.0000000000005,7.272462815184756,-53.2,-13.247833039627396,-13.383116872702606,-13.252293798258552,-13.316756289411451,36725.166744392816,10816.245447343863,6.351248474076537e-09,3.635493446909655,11.755436906509889,36788.62362012805,10833.427221866561,6.351501866676782e-09,3.6344156259277893,11.884521893614135,36566.890047672234,10639.0843468863,6.337030673795451e-09,3.6387466880614605,11.796212654962162,36613.398285459225,10725.137164683098,6.3411209840585215e-09,3.6382603074969064,11.852717433802713,36656.54037631409,10821.83114883029,6.351425722411972e-09,3.6369693682751016,11.755436906509889,36639.88903032826,10904.654478890207,6.353768604488639e-09,3.638047189256967,11.884521893614135,36715.44520118865,10381.322729190932,6.328782955031267e-09,3.6337161271232965,11.796212654962162,36721.13591444833,10482.113652644806,6.3333403744492525e-09,3.6342025076878506,11.852717433802713
CC-discharge,45,456878.04506823263,3272.727272727273,7.264356275216927,-53.2,-13.249431650517145,-13.38541704313702,-13.249633845687354,-13.315517460658482,36930.27693247668,10593.973243710338,6.351248474077005e-09,3.631435757991876,12.023086044794177,36995.05317237913,10612.121254517004,6.351501866676933e-09,3.6303483243588044,12.154911125087262,36769.37515128016,10419.570025130282,6.33703067380306e-09,3.6347255872511504,12.063908893789897,36816.79903704004,10506.572256605403,6.3411209840802375e-09,3.6342343650524476,12.121730299965035,36860.364813963875,10599.66469473821,6.3514257224166584e-09,3.6329205172250507,12.023086044794177,36843.5302009535,10684.693107767302,6.353768604486239e-09,3.634007950858122,12.154911125087262,36920.71824790704,10157.060677558999,6.3287829550384765e-09,3.6296306879657756,12.063908893789897,36926.559010106845,10259.05940315892,6.33334037445805e-09,3.630121910164479,12.121730299965035
CC-discharge,46,456950.77234095987,3345.454545454546,7.256276828743768,-53.2,-13.251219739194449,-13.388049025250456,-13.246601004242427,-13.314130231312678,37135.41475877816,10371.67164230883,6.351248474077208e-09,3.627391689325367,12.290769392165002,37201.523227901904,10390.77281856755,6.3515018666722335e-09,3.6262941399751236,12.425350176283096,36971.81400124896,10200.104769826412,6.337030673804318e-09,3.630720910781837,12.331547629647774,37020.178631831746,10288.029658161318,6.341120984086936e-09,3.6302245738030994,12.390716640287977,37064.21671657798,10377.468856865076,6.3514257224194584e-09,3.6288851394184007,12.290769392165002,37047.21132774598,10464.689526071585,6.353768604488376e-09,3.629982688768643,12.425350176283096,37125.944404137146,9932.848753605007,6.328782955041147e-09,3.6255559179619308,12.331547629647774,37131.960738620175,10036.027921549618,6.333340374471309e-09,3.626052254940668,12.390716640287977
CC-discharge,47,457023.49961368716,3418.1818181818185,7.2482149176902695,-53.2,-13.253219268504232,-13.391053184551179,-13.243150464802396,-13.312577082142196,37340.58350124825,10149.33715564668,6.351248474081161e-09,3.6233564420257696,12.558490998303371,37408.039531578455,10169.375871650695,6.351501866666766e-09,3.622248160918267,12.695846158200284,37174.20020781662,9980.695377929116,6.337030673807016e-09,3.6267283716363488,12.599120876809842,37223.53453201569,10069.512045819134,6.341120984076109e-09,3.626226589927774,12.659673279817824,37268.09934156078,10155.240149376079,6.3514257224207025e-09,3.6248584756645,12.558490998303371,37250.93807798666,10244.63772814934,6.353768604477452e-09,3.625966756772003,12.695846158200284,37331.1171921377,9708.693901290742,6.328782955040003e-09,3.6214865460539216,12.599120876809842,37337.33853693966,9813.021939257336,6.333340374462378e-09,3.621988327762496,12.659673279817824
CC-discharge,48,457096.22688641446,3490.909090909091,7.240159886321514,-53.2,-13.255453798684439,-13.394473956583386,-13.239233153466294,-13.310839091265883,37545.78680377889,9926.965904447872,6.351248474079128e-09,3.6193246662699945,12.826255372719418,37614.608515544656,9947.923646482132,6.35150186666655e-09,3.6182049098552995,12.966407038413765,37376.526628989304,9761.34944934463,6.337030673815537e-09,3.622743196924667,12.866619701236797,37426.86390985898,9851.022403480352,6.3411209840747905e-09,3.6222355770027437,12.928596675508814,37472.01630996179,9932.974694841352,6.351425722419826e-09,3.6208352200515197,12.826255372719418,37454.71679693051,10024.530987831677,6.3537686044712545e-09,3.6219549764662147,12.966407038413765,37536.22937158049,9484.603884895438,6.3287829550396726e-09,3.6174166893968476,12.866619701236797,37542.68954921638,9590.04450147608,6.3333403744584234e-09,3.61792430931877,12.928596675508814
CC-discharge,49,457168.9541591417,3563.636363636364,7.232099855666471,-53.2,-13.257948480126954,-13.398360067389511,-13.234795556918991,-13.308895895564541,37751.028700678384,9704.55359114228,6.351248474077322e-09,3.615290398295208,13.094067516949837,37821.237365196626,9726.408580780417,6.351501866667565e-09,3.6141582791607823,13.237041725524604,37578.785302895034,9542.075459711006,6.337030673814995e-09,3.618760072559803,13.13403413265483,37630.1636258127,9632.56404588897,6.341120984076332e-09,3.6182461500393153,13.197482887497001,37675.97163079841,9710.668197736186,6.3514257224215835e-09,3.6168094573712626,13.094067516949837,37658.55457291377,9804.361788782691,6.353768604469988e-09,3.617941576505688,13.237041725524604,37741.27287096888,9260.58736337147,6.328782955027109e-09,3.6133397831066674,13.13403413265483,37748.010604684576,9367.098991032426,6.333340374457449e-09,3.6138537056271556,13.197482887497001
CC-discharge,50,457241.681431869,3636.3636363636365,7.224021584561379,-53.2,-13.260729998371975,-13.402764708994708,-13.229779613631331,-13.306725679001989,37956.31364016524,9482.095474271826,6.35124847408305e-09,3.611246990681862,13.361932956126592,38027.93408768467,9504.822244383851,6.351501866660013e-09,3.610101459150227,13.507760157609292,37780.967378700225,9322.882834911738,6.337030673822251e-09,3.6147730820477,13.4013530737715,37833.43020652509,9414.140642194307,6.341120984075986e-09,3.6142523136109803,13.46632754986636,37879.96972440659,9488.315918858438,6.351425722416212e-09,3.612774593879517,13.361932956126592,37862.45930492898,9584.121752060848,6.35376860447455e-09,3.613920125411152,13.507760157609292,37946.238717605556,9036.653966466974,6.328782955014665e-09,3.6092485025136782,13.4013530737715,37953.29819545942,9144.189152442083,6.333340374453413e-09,3.609769270950398,13.46632754986636
CC-discharge,51,457314.4087045962,3709.0909090909095,7.215910315878306,-53.2,-13.263826457126399,-13.407745648642102,-13.224122697025,-13.304305197206501,38161.646505903795,9259.586344850708,6.351248474093318e-09,3.607187035200294,13.629857768808396,38234.70758183994,9283.155264664343,6.351501866646414e-09,3.6060268586145194,13.778573393545019,37983.06304756063,9103.78202580481,6.337030673819633e-09,3.610775638741485,13.668564208222575,38036.65982335512,9195.756239090217,6.341120984116568e-09,3.6102473934309187,13.735125841545235,38084.01544383884,9265.912651699033,6.351425722401331e-09,3.6087232806780114,13.629857768808396,38066.43977160531,9363.801561983084,6.353768604469339e-09,3.6098834572637863,13.778573393545019,38151.11696759223,8812.814371075692,6.328782954981872e-09,3.605134677136821,13.668564208222575,38158.54845483248,8921.319115517676,6.3333403744444805e-09,3.605662922447386,13.735125841545235
CC-discharge,52,457387.1359773235,3781.818181818182,7.20774960637454,-53.2,-13.267267182256605,-13.413365245040412,-13.217757722821501,-13.301609849881485,38367.03263532711,9037.020505980334,6.351248474089765e-09,3.603102277435142,13.897848613650648,38441.56770802228,9061.397251765267,6.351501866632039e-09,3.6019260168358174,14.049493705602417,38185.06147557631,8884.784581128206,6.337030673831186e-09,3.606760410846984,13.935653909433146,38239.84827212746,8977.415282744054,6.341120984137996e-09,3.6062239606811395,14.003872458182487,38288.11409306728,9043.452702071208,6.3514257223857955e-09,3.604647328939398,13.897848613650648,38270.5057001129,9143.390891819348,6.353768604462696e-09,3.6058235895387223,14.049493705602417,38355.896637860315,8589.080375715772,6.32878295500911e-09,3.600989195527556,13.935653909433146,38363.75713682706,8698.493417750831,6.333340374523267e-09,3.6015256456934006,14.003872458182487
CC-discharge,53,457459.8632500508,3854.545454545455,7.199521138459366,-53.2,-13.271082426621646,-13.419690338465877,-13.210613419756429,-13.29861381515606,38572.477833172554,8814.391757364796,6.351248474104058e-09,3.5989835223321305,14.165912751114066,38648.52535586872,8839.53672574101,6.351501866623115e-09,3.5977895061913308,14.32053467109238,38386.95074132606,8665.903215898788,6.337030673846806e-09,3.602719238397001,14.20260715329757,38442.990955106856,8759.122638512084,6.341120984193454e-09,3.602173748329868,14.27256158611216,38492.271440440956,8820.92987262854,6.35142572241862e-09,3.6005376161272356,14.165912751114066,38474.66783299384,8922.87833137247,6.353768604409139e-09,3.6017316322680353,14.32053467109238,38560.565642846814,8365.464970408506,6.3287829549931346e-09,3.596801900062365,14.20260715329757,38568.91959799677,8475.717024433377,6.3333403745292524e-09,3.5973473901294977,14.27256158611216
CC-discharge,54,457532.59052277805,3927.2727272727275,7.191204512026823,-53.2,-13.27530295232039,-13.426791974107463,-13.202614810621833,-13.295290262950314,38777.98837831601,8591.693386738318,6.351248474142191e-09,3.594820529736838,14.434058057972065,38855.59250729217,8617.5610483173,6.351501866559597e-09,3.5936068243725288,14.591711260108271,38588.71778126768,8447.151871871394,6.337030673840661e-09,3.5986430413368486,14.469407438452906,38646.08286642896,8540.88360717194,6.341120984157488e-09,3.598087558604293,14.541186879830406,38696.493725477565,8598.337454298602,6.351425722384134e-09,3.596383982289985,14.434058057972065,38678.937990313476,8702.251319155499,6.353768604384058e-09,3.5975976876542943,14.591711260108271,38765.110739143274,8141.982398445614,6.3287829548886005e-09,3.592561470689974,14.469407438452906,38774.03078270262,8252.99534522082,6.333340374546393e-09,3.5931169534225296,14.541186879830406
CC-discharge,55,457605.31779550534,4000.0000000000005,7.182777014347233,-53.2,-13.279959463642841,-13.434744909661477,-13.193683958954772,-13.291611667740924,38983.571021573065,8368.918170652358,6.3512484742090436e-09,3.590601898917244,14.702293031870685,39062.78229133427,8395.456362785291,6.351501866570917e-09,3.5893662751640645,14.863039915499877,38790.34834714571,8228.5457657368,6.33703067384139e-09,3.59452171778304,14.736036718953681,38849.11858251119,8322.703936066755,6.341120984119296e-09,3.593955160711764,14.809741444786884,38900.787656675566,8375.668227069844,6.3514257223482556e-09,3.5921751154299892,14.702293031870685,38883.32912377134,8481.496082649046,6.35376860434296e-09,3.5934107391831693,14.863039915499877,38969.517482314426,7918.648205629613,6.32878295475267e-09,3.588255296564193,14.736036718953681,38979.085213439,8030.334245507284,6.333340374647617e-09,3.5888218536354692,14.809741444786884
CC-discharge,56,457678.04506823263,4072.727272727273,7.174211680444214,-53.2,-13.285086602852713,-13.443636627857025,-13.183730471782876,-13.287546297507392,39189.23404135806,8146.057222406722,6.351248474209275e-09,3.5863140951361148,14.970626830522153,39270.110886078204,8173.205543567797,6.3515018665702065e-09,3.58505395995175,15.134538718909154,38991.82492182762,8010.103662252816,6.337030673840758e-09,3.5903433276242587,15.00247524855709,39052.0914198008,8104.590729695382,6.341120984118323e-09,3.5897644599106897,15.0782177878702,39105.161460554475,8152.913308469297,6.351425722348544e-09,3.5878975853081,14.970626830522153,39087.85719292225,8260.595600327026,6.353768604342369e-09,3.589157720492465,15.134538718909154,39173.768114041435,7695.481562568701,6.32878295475321e-09,3.583868352819956,15.00247524855709,39184.07614020028,7807.74097571889,6.333340374647433e-09,3.5844472205335256,15.0782177878702
CC-discharge,57,457750.77234095987,4145.454545454546,7.165482906716688,-53.2,-13.290701471288262,-13.453525325392281,-13.172697573940184,-13.28307562937927,39394.98438020637,7923.103104422365,6.3512484742091495e-09,3.5819442668629327,15.239069134301356,39477.59265629043,7950.793423587503,6.351501866569843e-09,3.580656699744255,15.40622722348743,39193.132138417546,7791.841983025752,6.3370306738397115e-09,3.586096417083636,15.268701794473486,39254.995659708955,7886.550051973546,6.3411209841188106e-09,3.5855038732759335,15.346607908343803,39309.62203613007,7930.065264458074,6.3514257223484375e-09,3.583538639853755,15.239069134301356,39292.53636849926,8039.534797262999,6.353768604344465e-09,3.584826206972432,15.40622722348743,39377.84705584667,7472.499246041405,6.328782954753187e-09,3.5793864896330514,15.268701794473486,39388.99778753956,7585.2217243247205,6.333340374645644e-09,3.579979033440754,15.346607908343803
CC-discharge,58,457823.49961368716,4218.181818181819,7.15655826186779,-53.2,-13.296834442403368,-13.464500789988277,-13.160495669942474,-13.278169097665888,39600.83016900984,7700.047084218465,6.3512484742078715e-09,3.577476136096402,15.507630103126525,39685.24457802125,7728.202041431757,6.351501866569555e-09,3.5761577717613915,15.678126477178145,39394.25189811035,7573.780111293946,6.3370306738417166e-09,3.5817666199724445,15.534693645421797,39457.824555283325,7668.5890735117655,6.341120984118148e-09,3.5811588600282303,15.614903309627088,39514.17746332423,7707.115366708665,6.351425722348137e-09,3.5790821257713876,15.507630103126525,39497.383397243946,7818.295821172656,6.353768604344438e-09,3.5804004901063973,15.678126477178145,39581.73595972989,7249.721058513765,6.3287829547539685e-09,3.574791641895345,15.534693645421797,39593.84334142369,7362.783809219925,6.333340374646198e-09,3.5753994018395594,15.614903309627088
CC-discharge,59,457896.22688641446,4290.909090909091,7.147402880687631,-53.2,-13.303505726623365,-13.47664026331098,-13.147051193600603,-13.27280281646505,39806.77985519156,7476.880071278895,6.351248474208752e-09,3.5728922032986317,15.776320407864166,39893.08483495478,7505.412132201545,6.351501866569051e-09,3.5715391984845777,15.950259215090256,39595.16496265987,7355.938681495891,6.337030673842987e-09,3.577338458316219,15.80042644202324,39660.570990021886,7450.715369600628,6.341120984117143e-09,3.5767137661276758,15.883094945123357,39718.83613660709,7484.054529030297,6.351425722346769e-09,3.5745106773889996,15.776320407864166,39702.41621722308,7596.859524205144,6.3537686043437546e-09,3.575863682203053,15.950259215090256,39785.415322559966,7027.16808071192,6.328782954753808e-09,3.570064422371412,15.80042644202324,39798.60561459211,7140.4349612920305,6.333340374647605e-09,3.570689114559955,15.883094945123357
CC-discharge,60,457968.9541591417,4363.636363636364,7.1379780048423385,-53.2,-13.310733970204042,-13.490025147765795,-13.132288292639064,-13.266952589391101,40012.84056998811,7253.594379407189,6.3512484742082826e-09,3.5681730151170954,16.045151111872524,40101.12988670117,7282.406254842745,6.351501866567938e-09,3.5667809884453803,16.222649774798104,39795.85418723318,7138.336091354824,6.337030673842914e-09,3.572794731083941,16.06587431562162,39863.22876135666,7232.935547002461,6.341120984118688e-09,3.5721512016553576,16.151173282556247,39923.60514251299,7260.87506888287,6.351425722347952e-09,3.5698049897252435,16.045151111872524,39907.65106571441,7375.208571274314,6.353768604344105e-09,3.571197016396958,16.222649774798104,39988.8677634439,6804.859108272283,6.328782954755435e-09,3.565183273758398,16.06587431562162,40003.278342805475,6918.181923007236,6.333340374648446e-09,3.565826803186981,16.151173282556247
CC-discharge,61,458041.681431869,4436.363636363637,7.128240858581243,-53.2,-13.31854108676242,-13.504750742730845,-13.116118149001416,-13.260590021505323,40219.01592097897,7030.18617206155,6.351248474392101e-09,3.56329710206455,16.31413368820552,40309.3902327284,7059.173439828747,6.351501866604654e-09,3.5618610723395125,16.495324278742515,39996.309108262874,6920.983412534405,6.337030673899433e-09,3.5681164594488366,16.33100973422405,40065.7943688229,7015.253279851869,6.341120983970469e-09,3.5674519848987045,16.41912825842389,40128.4880660073,7037.57315154976,6.351425722331903e-09,3.5649437565166937,16.31413368820552,40113.098300362915,7153.332059501021,6.353768604408127e-09,3.566379786241732,16.495324278742515,40192.08267474516,6582.80545231965,6.328782954612646e-09,3.5601243991324076,16.33100973422405,40207.85799079713,6696.028443967468,6.3333403746523915e-09,3.5607888736825393,16.41912825842389
CC-discharge,62,458114.4087045962,4509.09090909091,7.118142730180809,-53.2,-13.326913154718282,-13.5208561081181,-13.098518030560193,-13.253712706603421,40425.318395413924,6806.641900862665,6.351248474299634e-09,3.5582400151240545,16.58327969064472,40517.89386277196,6835.683837788509,6.35150186655039e-09,3.5567543026430046,16.76831020652887,40196.50048381295,6703.912228600153,6.3370306738534675e-09,3.5632820267847922,16.595804039068106,40268.256996092154,6797.680164615579,6.341120984187568e-09,3.5625942896968716,16.686949498101757,40333.49731606002,6814.135235098529,6.351425722529575e-09,3.5599027150567544,16.58327969064472,40318.78553282863,6931.2003208715005,6.3537686045662455e-09,3.561388427537804,16.76831020652887,40395.03041190461,6361.039379519631,6.328782954254919e-09,3.554860703396017,16.595804039068106,40412.33363469603,6473.986358830579,6.333340374569802e-09,3.5555484404839373,16.686949498101757
CC-discharge,63,458187.1359773235,4581.818181818182,7.1076314163579255,-53.2,-13.335824781605796,-13.53836518450875,-13.079484125306157,-13.246325908579307,40631.757857054974,6582.950833197239,6.3512484743788605e-09,3.552975552857153,16.852600275860112,40726.66518003328,6611.911421131499,6.351501866490579e-09,3.551433721888456,17.041635674131157,40396.403376804425,6487.149491150752,6.337030673742166e-09,3.5582682416474447,16.860228303268773,40470.607665021635,6580.225837981895,6.341120984197331e-09,3.557554718177683,16.954626655830875,40538.642694604125,6590.550592021636,6.351425722798855e-09,3.554655863500772,16.852600275860112,40524.736836682365,6708.787485931403,6.35376860440014e-09,3.556197694469469,17.041635674131157,40597.685694496045,6139.588424389358,6.3287829542880235e-09,3.5493631747104804,16.860228303268773,40616.69620709042,6252.065502224575,6.333340374405948e-09,3.5500766981802423,16.954626655830875
CC-discharge,64,458259.8632500508,4654.545454545455,7.0966477157732255,-53.2,-13.345241271723527,-13.557294063847415,-13.059024234275633,-13.238440430153428,40838.34210878754,6359.104401057044,6.3512484742479666e-09,3.5474740014419766,17.12210599357051,40935.72590302781,6387.832926106999,6.3515018667113335e-09,3.545868745592441,17.315329201892332,40595.996142796095,6270.718713470142,6.3370306738748336e-09,3.5530488105266005,17.124253640234247,40672.83879900243,6362.898481586259,6.341120984333615e-09,3.552306756828988,17.222149548141306,40743.93195561132,6366.810658386272,6.35142572248336e-09,3.549173714331249,17.12210599357051,40730.97363707213,6486.070432274078,6.353768604236185e-09,3.550778970180785,17.315329201892332,40800.02658006294,5918.4766087661565,6.328782954598501e-09,3.5435989052466255,17.124253640234247,40820.93805604051,6030.27422383579,6.333340374361976e-09,3.5443409589442374,17.222149548141306
CC-discharge,65,458332.59052277805,4727.272727272728,7.085126313004728,-53.2,-13.355106760302993,-13.577626759377932,-13.037183886720554,-13.230082593598528,41045.07815234677,6135.0948632374075,6.351248473971582e-09,3.5417025781947795,17.391806478742495,41145.097611098485,6163.425190474951,6.351501866348487e-09,3.5400256172129456,17.589419311217842,40795.25771222283,6054.642847096844,6.337030674180012e-09,3.547594703120773,17.38785170206249,40874.94317517793,6145.705923904371,6.3411209840060294e-09,3.546821156322345,17.489508366563044,40949.372056924156,6142.907696672403,6.351425722373175e-09,3.543423734809948,17.391806478742495,40937.517221856346,6263.026138388146,6.353768604469054e-09,3.545100695791781,17.589419311217842,41002.031708940216,5697.727380590969,6.328782954640236e-09,3.5375316098839558,17.38785170206249,41025.051886876354,5808.620512937972,6.333340374630558e-09,3.5383051566823833,17.489508366563044
CC-discharge,66,458405.31779550534,4800.0,7.0729948618294465,-53.2,-13.365341131987666,-13.599308110525447,-13.014053466942984,-13.221297290543907,41251.97188558782,5910.915605843925,6.351248473812175e-09,3.5356249713827044,17.661709992806035,41354.80129249475,5938.665578574042,6.351501866279499e-09,3.5338669313053037,17.86393380485323,40994.16811563194,5838.943774983788,6.337030674320468e-09,3.541873739362437,17.650995513715657,41076.91414578471,5928.655426421207,6.341120984063319e-09,3.5410655207804003,17.75669402195842,41154.96885942977,5918.835096131045,6.351425722320203e-09,3.5373698904467425,17.661709992806035,41144.388295780256,6039.632106140123,6.353768604124042e-09,3.539127930524142,17.86393380485323,41203.6808367248,5477.363096109374,6.328782954791657e-09,3.531121122467009,17.650995513715657,41229.03098573632,5587.111780166806,6.33334037465994e-09,3.5319293410490467,17.75669402195842
CC-discharge,67,458478.04506823263,4872.727272727273,7.060173153049096,-53.2,-13.375837685077249,-13.622237392319784,-12.98977418047769,-13.212150742125278,41459.02737853598,5686.561918447175,6.351248473803765e-09,3.529200922492018,17.931822910150125,41564.855987765164,5713.533413866078,6.3515018666986635e-09,3.527351200912254,18.138898910942576,41192.709953731784,5623.640738828801,6.33703067440542e-09,3.5358502097290923,17.91366043944718,41278.74622681194,5711.7530602399565,6.341120984124633e-09,3.535003931248906,18.02369854754094,41360.726407636655,5694.588148574511,6.351425722527263e-09,3.530972230557077,17.931822910150125,41351.60564219977,5815.867784616975,6.3537686044107694e-09,3.532821952136841,18.138898910942576,41404.95632455784,5257.403413185486,6.328782954573624e-09,3.5243229433200036,17.91366043944718,41432.86981408662,5365.754221327218,6.333340375043189e-09,3.525169221800189,18.02369854754094
CC-discharge,68,458550.77234095987,4945.454545454546,7.046572575807575,-53.2,-13.386458669781183,-13.646255708978272,-12.96455010300254,-13.202735518238004,41666.24679530367,5462.031065334909,6.351248474121886e-09,3.5223859557761816,18.202149135956777,41775.27873872905,5488.009998681822,6.351501866411089e-09,3.52043257620642,18.414338235198112,41390.868464271836,5408.750300522969,6.337030674691018e-09,3.5294846209660102,18.17582533119951,41480.43515874225,5495.003654966619,6.341120984072343e-09,3.5285966977426524,18.2905155804739,41566.646852095175,5470.1641195917255,6.351425722339258e-09,3.524186620031394,18.202149135956777,41559.1860727405,5591.714589751105,6.35376860402774e-09,3.5261399996011558,18.414338235198112,41605.84320693432,5037.865251916246,6.328782955015917e-09,3.517087954841565,18.17582533119951,41636.56407005664,5144.552765225051,6.333340374985459e-09,3.517975878064923,18.2905155804739
CC-discharge,69,458623.49961368716,5018.181818181819,7.032095150816225,-53.2,-13.397033278485186,-13.671137590283248,-12.938655260659859,-13.193173870571712,41873.62972908558,5237.32299931559,6.351248473542113e-09,3.515130893001061,18.47268945866654,41986.08325727205,5262.080014992017,6.351501866532514e-09,3.5130603427213214,18.69027150084722,41588.6329193714,5194.28485017189,6.337030674802299e-09,3.5227332507890194,18.437473870226402,41681.97848457978,5278.410187920958,6.341120984308283e-09,3.521799917887209,18.557140927835615,41772.72978854641,5245.562962013507,6.351425722313326e-09,3.516964257815164,18.47268945866654,41767.14311407033,5367.157296582351,6.353768604124184e-09,3.519034808094904,18.69027150084722,41806.33060826693,4818.7612703847835,6.328782954804935e-09,3.509361900027206,18.437473870226402,41840.111272222595,4923.51045033497,6.333340375176193e-09,3.5102952329290167,18.557140927835615
CC-discharge,70,458696.22688641446,5090.909090909091,7.016632714871247,-53.2,-13.407356300352166,-13.69658191083885,-12.912440737847895,-13.183621050961088,42081.17267049613,5012.440933057025,6.35124847322687e-09,3.507381444164804,18.743440868553783,42197.27877426896,5035.732731510185,6.3515018665228455e-09,3.5051784985491055,18.966713111969664,41785.997791961156,4980.251363290251,6.337030674799697e-09,3.515547766369653,18.698596052029508,41883.37604867447,5061.973258133524,6.3411209844003555e-09,3.5145651000038147,18.823573199770287,41978.97172960284,5020.787886979743,6.351425722127655e-09,3.509251270706443,18.743440868553783,41975.48587237792,5142.185239023947,6.353768604137559e-09,3.511454216322142,18.966713111969664,42006.41292538368,4600.098594974846,6.3287829547304865e-09,3.5010849485015942,18.698596052029508,42043.511263386616,4702.627887991309,6.333340375442182e-09,3.5020676148674332,18.823573199770287
CC-discharge,71,458768.9541591417,5163.636363636364,7.0000659587328355,-53.2,-13.41718844800045,-13.722204865072232,-12.886339093022109,-13.174267593905215,42288.86842176391,4787.3919744246705,6.351248473119832e-09,3.499077724694577,19.014395866011892,42408.8686112234,4808.963512771911,6.351501866820648e-09,3.4967252572417484,19.243670554150587,41982.96415767697,4766.649895731919,6.337030675076347e-09,3.5078747748105723,18.95918978769486,42084.63058825502,4845.690457776669,6.341120984613503e-09,3.506838716793125,19.089814499213382,42185.36552261788,4795.845998973783,6.351425722081582e-09,3.5009882340382585,19.014395866011892,42184.21762430075,4916.793809775657,6.353768604038004e-09,3.5033407014910862,19.243670554150587,42206.09124873192,4381.877282747957,6.328782954437664e-09,3.492191183922263,18.95918978769486,42246.76680799111,4481.9026209094,6.33334037551324e-09,3.4932272419397097,19.089814499213382
CC-discharge,72,458841.681431869,5236.363636363637,6.98226366524706,-53.2,-13.426259391657032,-13.747536848261015,-12.8608641741272,-13.16533958595475,42496.70558826644,4562.187684808066,6.351248472741792e-09,3.4901538732555704,19.28554180378621,42620.84873715194,4581.775355654535,6.351501867094182e-09,3.4876326568350704,19.521142692669105,42179.54105187626,4553.472114167609,6.337030675208798e-09,3.499655460674232,19.219262547969098,42285.748308148635,4629.555756486868,6.341120984500013e-09,3.4985618443563467,19.355871137393788,42391.89984439471,4570.748853885101,6.35142572223995e-09,3.4921097919914894,19.28554180378621,42393.334393301884,4690.985987506274,6.3537686041801755e-09,3.494631008411989,19.521142692669105,42405.374738072846,4164.088820138921,6.3287829542047165e-09,3.482608204572828,19.219262547969098,42449.88417256095,4261.328494861979,6.333340375031616e-09,3.4837018208907127,19.355871137393788
CC-discharge,73,458914.4087045962,5309.09090909091,6.963081598152314,-53.2,-13.434270620300433,-13.772016339733678,-12.836613709298007,-13.157099330667888,42704.6684277999,4336.844247336652,6.351248472383913e-09,3.480537494309622,19.556860288755477,42833.20723688465,4354.179443131526,6.351501866813676e-09,3.477825990035195,19.799117977396325,42375.74588726679,4340.700851035404,6.337030675192612e-09,3.4908250607451228,19.47883303164006,42486.739138709905,4413.559227987308,6.3411209841728536e-09,3.489669638063627,19.621754358773813,42598.559051407654,4345.512627143173,6.351425721995387e-09,3.4825441038426916,19.556860288755477,42602.82442516069,4464.772887244653,6.353768604147256e-09,3.4852556081171193,19.799117977396325,42604.28104586379,3946.7156682800646,6.328782954683735e-09,3.47225653740719,19.47883303164006,42652.87338617916,4040.8953796850883,6.33334037535647e-09,3.473411960088687,19.621754358773813
CC-discharge,74,458987.1359773235,5381.818181818182,6.942361706598111,-53.2,-13.440905289592179,-13.794999075276158,-12.81425605898219,-13.149839576149471,42912.73632350632,4111.383065307276,6.351248472122358e-09,3.4701492593395247,19.828326712087723,43045.92240032575,4126.197203100196,6.351501867113403e-09,3.467223403388981,20.077572678558038,42571.60617489989,4128.30821448212,6.337030675385614e-09,3.4813124832874442,19.73793272626915,42687.61742824395,4197.6862933096645,6.341120984093314e-09,3.4800909458836577,19.88748101439823,42805.32265604284,4120.158711861919,6.35142572200255e-09,3.472212447258586,19.828326712087723,42812.66630303394,4238.17580669817,6.353768604200442e-09,3.475138303209129,20.077572678558038,42802.838061947106,3729.7293320632725,6.328782954847665e-09,3.461049223310666,19.73793272626915,42855.74893981381,3820.5883969576503,6.333340375028327e-09,3.462270760714454,19.88748101439823
CC-discharge,75,459059.8632500508,5454.545454545455,6.9199309847031945,-53.2,-13.445839375502297,-13.815769374377497,-12.79451524574722,-13.143876004372986,43120.883694184886,3885.830892043812,6.3512484721036175e-09,3.458902335029795,20.09990999153312,43258.96179365499,3897.861340436843,6.3515018672134255e-09,3.4557353221958964,20.356469329564643,42767.16022141517,3916.2547857215536,6.337030675600776e-09,3.4710397710533742,19.99660718389268,42888.40225453378,3981.9173644062016,6.3411209840240454e-09,3.4697477609973535,20.153074101070175,43012.16523745453,3894.713848637274,6.351425722377924e-09,3.461028649673399,20.09990999153312,43022.82803120585,4011.227252036502,6.353768604434472e-09,3.464195662507298,20.356469329564643,43001.08462039029,3513.0895401402586,6.328782955305309e-09,3.4488912136498193,19.99660718389268,43058.53010093173,3600.3875562917983,6.333340375241523e-09,3.450183223705841,20.153074101070175
CC-discharge,76,459132.59052277805,5527.272727272728,6.89560110232105,-53.2,-13.44875972063024,-13.833568247647738,-12.778139753234635,-13.13953227848739,43329.08003069596,3660.2198396325202,6.351248472253541e-09,3.4467021985950255,20.371572608665772,43472.28119412746,3669.2170480474792,6.351501867222239e-09,3.443264280575228,20.63575556817096,42962.4578902605,3704.4887150244595,6.337030675548189e-09,3.4599219233789524,20.254916830347046,43089.11768312695,3766.227529005229,6.341120984193967e-09,3.4585550230344833,20.41856307362432,43219.056477750084,3669.210134277821,6.351425722313709e-09,3.4488989037260245,20.371572608665772,43233.26598427749,3783.9721415860226,6.353768604530125e-09,3.452336821745822,20.63575556817096,43199.07127119314,3296.7433213579516,6.328782955149256e-09,3.435679178942098,20.254916830347046,43261.24117435471,3380.2674337154012,6.333340375730533e-09,3.4370460792865662,20.41856307362432
CC-discharge,77,459205.31779550534,5600.000000000001,6.869167258034172,-53.2,-13.449383426442761,-13.847627184758426,-12.76586709049106,-13.13712229830776,43537.290372967844,3434.586919572764,6.351248471952416e-09,3.4334460624851477,20.643271024292773,43685.824500120194,3440.322199715958,6.351501867081822e-09,3.4297043519426653,20.91536360284173,43157.56037831281,3492.94586130835,6.337030675678497e-09,3.4478663945700494,20.51293710149579,43289.79260901794,3550.5866702877925,6.341120984317711e-09,3.4464200820934643,20.68398382692528,43425.96163601109,3443.684562673415,6.351425722789908e-09,3.435721195549024,20.643271024292773,43443.924818429354,3556.467997504528,6.353768604640257e-09,3.4394629060915056,20.91536360284173,43396.86005382994,3080.625147368608,6.328782955134667e-09,3.421300863464121,20.51293710149579,43463.9113423699,3160.1972938077374,6.33334037558444e-09,3.422747175940706,20.68398382692528
CC-discharge,78,459278.04506823263,5672.727272727273,6.840407117667771,-53.2,-13.447500267211659,-13.857139271656369,-12.758434582536974,-13.136925878595,43745.47423175474,3208.975197795642,6.351248473462012e-09,3.419022341531701,20.914956718168067,43899.532039647806,3211.238189475734,6.351501866542665e-09,3.4149406064316374,21.1952097286641,43352.53347913342,3281.557322461931,6.337030674637336e-09,3.4347726616014946,20.770758330516273,43490.46032481948,3334.9599701627103,6.341120984825572e-09,3.4332422492555406,20.9493782529546,43632.84047680131,3218.1801792663096,6.351425723809832e-09,3.42138477613607,20.914956718168067,43654.74566770483,3328.775840811858,6.3537686061298054e-09,3.425466511236134,21.1952097286641,43594.517667750464,2864.664625823117,6.3287829546052894e-09,3.4056344560662772,20.770758330516273,43666.57422860894,2940.1416033110677,6.333340374048323e-09,3.4071648684122304,20.9493782529546
CC-discharge,79,459350.77234095987,5745.454545454546,6.8090809826303165,-53.2,-13.44297427496945,-13.861609609851204,-12.756281013891059,-13.139135101288288,43953.5912676801,2983.428184762723,6.351248475561461e-09,3.403310733825054,21.186577673139595,44113.31346246798,2982.0606194067304,6.35150186788863e-09,3.398849253268409,21.47519709110357,43547.46837622094,3070.2253027485813,6.337030674888601e-09,3.420532734174736,21.028482730480192,43691.15898320137,3119.306842689966,6.341120985597945e-09,3.418913054477052,21.21479301032716,43839.6529136157,2992.740473817217,6.351425724107051e-09,3.405770248805263,21.186577673139595,43865.63940228115,3100.990692735274,6.353768603695821e-09,3.4102317293619073,21.47519709110357,43792.136551923795,2648.761845825827,6.328782953960309e-09,3.38854824845558,21.028482730480192,43869.26836508119,2720.058942646707,6.3333403721511446e-09,3.3901679281532635,21.21479301032716
CC-discharge,80,459423.49961368716,5818.181818181819,6.774928971916282,-53.2,-13.435796980588467,-13.86061763593794,-12.759734206386709,-13.143851177086885,44161.6005684167,2757.989965426475,6.351248476549377e-09,3.3861807976404052,21.458080413094727,44327.0856710211,2752.8770638759006,6.351501868493101e-09,3.381296060711672,21.755219588535784,43742.44978131348,2858.859257644592,6.337030675264829e-09,3.405030399463667,21.286220257957748,43891.92658733691,2903.586925033516,6.341120985716527e-09,3.4033154555940124,21.480277720209738,44046.358290586395,2767.4095103044547,6.351425724480078e-09,3.388748174275877,21.458080413094727,44076.52404705392,2873.1995955627913,6.3537686025910275e-09,3.3936329112046106,21.755219588535784,43989.802584454876,2432.824304524997,6.328782955037675e-09,3.369898572452615,21.286220257957748,44072.03213280985,2499.908119923014,6.333340373798178e-09,3.3716135163222702,21.480277720209738
CC-discharge,81,459496.22688641446,5890.909090909091,6.737667435517611,-53.2,-13.426153446888105,-13.854061440996377,-12.768777451498593,-13.151007660616928,44369.463915657114,2532.7023504767894,6.351248477296814e-09,3.3674901275666165,21.729413245695497,44540.76347136078,2523.7783006045092,6.35150186844006e-09,3.362134294555286,22.035165841838147,43937.56266921716,2647.3672995090133,6.337030674751669e-09,3.3881414270018086,21.5440840120778,44092.80029561152,2687.760230099712,6.341120985195279e-09,3.386323577087494,21.745882354934018,44252.9186289852,2542.2290795256886,6.3514257243968205e-09,3.370177307950995,21.729413245695497,44287.31555884948,2645.4927754743585,6.353768601362403e-09,3.3755331409623257,22.035165841838147,44187.60191013599,2216.7581269031925,6.328782954684554e-09,3.349526008515803,21.5440840120778,44274.903059633754,2279.648326707526,6.33334037328974e-09,3.351343858430117,21.745882354934018
CC-discharge,82,459568.9541591417,5963.636363636364,6.696980494774864,-53.2,-13.414544881074772,-13.842354782154231,-12.782831774859082,-13.160268561911915,44577.149838703685,2307.6006956763763,6.3512484769140044e-09,3.347080049798433,22.000531410624415,44754.26677132365,2294.8510122283333,6.351501867629416e-09,3.341199694490895,22.314927621869973,44132.88464777746,2435.664026536577,6.337030675671768e-09,3.369733998734413,21.802181074970303,44293.8129186977,2471.7907256856392,6.3411209846759e-09,3.36780227055941,22.01165282182825,44459.30265538742,2317.2345204226203,6.351425722929272e-09,3.3499004449764307,22.000531410624415,44497.93492735645,2417.956388445584,6.3537686011994574e-09,3.3557808002839677,22.314927621869973,44385.61320536406,2000.4760640557522,6.32878295563208e-09,3.32724649604045,21.802181074970303,44477.91428245345,2059.242790693147,6.333340372714609e-09,3.3291782242154526,22.01165282182825
CC-discharge,83,459641.681431869,6036.363636363637,6.6524956395359744,-53.2,-13.402037456046342,-13.826780534095954,-12.800345603220894,-13.170836406636809,44784.64215816371,2082.705264243236,6.351248476517799e-09,3.3247632267025757,22.271405979686246,44967.53357858802,2066.164767503851,6.351501867524745e-09,3.3182961327150466,22.594413837185634,44328.471602652586,2223.6850375928216,6.337030675495149e-09,3.3496682667423516,22.060597008082222,44494.98596352296,2255.6533289866265,6.3411209845776336e-09,3.347604641357613,22.277623579086317,44665.494291822695,2092.4460865729493,6.351425723022391e-09,3.327732412833399,22.271405979686246,44708.32099763304,2190.65958055124,6.353768600792571e-09,3.3341995068209282,22.594413837185634,44583.8931252697,1783.9123219589417,6.3287829549205305e-09,3.3028273727936233,22.060597008082222,44681.08752202951,1838.6659138724442,6.333340372830792e-09,3.3048909981783616,22.277623579086317
CC-discharge,84,459714.4087045962,6109.09090909091,6.603726732034145,-53.2,-13.390904974059337,-13.81032563258207,-12.817802890737655,-13.180966502620937,44991.95499316213,1858.0065267243592,6.351248477027592e-09,3.300294678793186,22.542041761808527,45180.54141800383,1837.751037459388,6.351501868317564e-09,3.293161673352635,22.87357652573794,44524.333241617096,2011.4110747112993,6.337030675187898e-09,3.3277974290982546,22.319366184788876,44696.31805621545,2039.3452011173313,6.341120983711738e-09,3.3255681566610873,22.543803406452557,44871.5075689111,1867.8542530572406,6.351425723386105e-09,3.3034320532409587,22.542041761808527,44918.451598110594,1963.6336316101365,6.3537686013378174e-09,3.31056505868151,22.87357652573794,44782.45151128857,1567.0472261284729,6.328782953874456e-09,3.2759293029358902,22.319366184788876,44884.42139083257,1617.9147990489216,6.333340373282024e-09,3.2781585753730575,22.543803406452557
CC-discharge,85,459787.1359773235,6181.818181818182,6.549920740968298,-53.2,-13.386322149050846,-13.79975108197543,-12.827227679526972,-13.186699089446753,45199.171854248445,1633.4270131067183,6.351248476110785e-09,3.2732938622947843,22.8125188034561,45393.35848259148,1609.5535386990427,6.351501869260572e-09,3.265377184432773,23.152466189521345,44720.373371046226,1798.9265450537089,6.33703067485674e-09,3.303970826317009,22.57840689761983,44897.755399923146,1822.914385559218,6.3411209835682515e-09,3.3015045927631363,22.810143462938086,45077.425473706804,1643.3815867200997,6.351425722578215e-09,3.2766268786735133,22.8125188034561,45128.394000681554,1736.8226001894118,6.353768601681651e-09,3.2845435565355245,23.152466189521345,44981.19084534432,1349.9670093125023,6.328782953952622e-09,3.2459499146512876,22.57840689761983,45087.86155712434,1397.0384765212248,6.333340374508953e-09,3.248416148205161,22.810143462938086
CC-discharge,86,459859.8632500508,6254.545454545455,6.489639534417117,-53.2,-13.401398161278143,-13.811519774847865,-12.809038014916494,-13.178044048957508,45406.54483358962,1408.7255458743157,6.351248476214406e-09,3.2430318885646874,23.083101836893768,45606.26614935838,1381.3105524378127,6.351501869645456e-09,3.2341148964980304,23.431367915347845,44916.2451187226,1586.5599448152002,6.337030675070942e-09,3.2780538890499087,22.837359076351582,45099.117261916566,1606.5312057328026,6.341120983242552e-09,3.275182827678238,23.076453999689644,45283.498518116285,1418.7870247896199,6.351425722314927e-09,3.2466076458524302,23.083101836893768,45338.425781609745,1509.966357637714,6.35376860255264e-09,3.255524637919087,23.431367915347845,45179.75947925804,1133.007272532972,6.328782954273453e-09,3.211585645367208,22.837359076351582,45291.22549121244,1176.210768167225,6.3333403750076705e-09,3.21445670673888,23.076453999689644
CC-discharge,87,459932.59052277805,6327.272727272728,6.419513011038525,-53.2,-13.472778116676825,-13.889638916021434,-12.71090821830967,-13.126674748992071,45614.79324617185,1183.2112062581477,6.351248475912113e-09,3.2077963354651224,23.354558162933717,45820.10894965448,1152.2223398545855,6.351501870497583e-09,3.1973790004521145,23.711177599094,45110.93683415976,1375.2819487053837,6.337030674920671e-09,3.2500226257572877,23.095136311030636,45299.86856553808,1390.7038764545375,6.341120983327409e-09,3.2463138836952528,23.342158229971965,45490.44150803931,1193.379977212345,6.351425722792451e-09,3.211716675573402,23.354558162933717,45549.38006459589,1282.2700241344196,6.3537686021286914e-09,3.2221340105864105,23.711177599094,45377.13183350397,917.1596845798408,6.328782955831728e-09,3.169490385281237,23.095136311030636,45493.97279635678,955.9503275778363,6.333340374463444e-09,3.1731991273432723,23.342158229971965
CC-discharge,88,460005.31779550534,6400.000000000001,6.330025904434111,-53.2,-13.710720347715748,-14.161000741712515,-12.385970959521268,-12.942307951050479,45826.01085131717,954.8790790884386,6.351248476551331e-09,3.1627392665565197,23.62913895550334,46037.32054915339,919.9814785157557,6.351501870409122e-09,3.1493694908614507,23.994517393616565,45301.59931204407,1167.828982399494,6.337030674927435e-09,3.220358440615693,23.348640141109737,45498.38072997253,1176.9735161896513,6.341120983145815e-09,3.2146446188281295,23.60548128754815,45700.335077893964,965.1564826888265,6.351425723033334e-09,3.167286637877591,23.62913895550334,45763.657642167236,1051.440196531348,6.353768602460677e-09,3.18065641357266,23.994517393616565,45570.4194731009,705.2198554668302,6.328782955586202e-09,3.109667463818419,23.348640141109737,45694.45869931805,737.8299279199032,6.333340372657648e-09,3.1153812856059817,23.60548128754815
CC-discharge,89,460078.04506823263,6472.727272727273,6.188578271422088,-53.2,-14.409353011382308,-14.943526244316185,-11.502315131585318,-12.344805612716193,46046.172025627806,717.9855898075853,6.3512484767082226e-09,3.091166313671501,23.913180100544732,46264.593748145315,678.2035341882656,6.3515018697067216e-09,3.0691485212924463,24.288502514687558,45480.82777493243,971.3791863008287,6.337030674881854e-09,3.190989210501674,23.58993596021182,45689.53092790125,970.1858555957403,6.341120983122602e-09,3.1806270219799986,23.860906677081147,45919.11615339974,728.3756992585295,6.351425722867443e-09,3.0974119577505865,23.913180100544732,45987.860910496944,811.1312307205003,6.353768602284989e-09,3.1194297501296413,24.288502514687558,45752.115666945574,504.52117684181263,6.328782955411528e-09,2.997589060920414,23.58993596021182,45887.50943826066,526.7948315621898,6.333340375795003e-09,3.007951249442088,23.860906677081147
CC-discharge,90,460150.77234095987,6545.454545454546,5.840195100888518,-53.2,-15.640604933714554,-16.059605986431247,-10.293584941081736,-11.206204138772463,46285.39452743536,462.20238794937876,6.351248476884824e-09,2.9126883083103534,24.216715029283087,46510.880998859946,417.5080443817962,6.351501869420835e-09,2.8446912724828093,24.60166546651329,45639.75328300803,795.4654876665298,6.337030674881065e-09,3.1584051494681917,23.81009656700644,45863.333242894994,780.31360167775,6.341120983060683e-09,3.1421034652726223,24.09879566446992,46156.8390688704,472.71419033253085,6.351425722787103e-09,2.927506792578164,24.216715029283087,46230.82139507201,552.0196574080904,6.35376860221102e-09,2.9955038284057087,24.60166546651329,45913.2293620401,324.80275733163836,6.328782955313947e-09,2.681789951420325,23.81009656700644,46063.03981020451,333.0225857417717,6.333340376066619e-09,2.6980916356158957,24.09879566446992
CC-discharge,91,460218.0139016397,6612.696106134335,4.000009999999918,-53.2,-15.676990828642369,-14.942209237430085,-11.090267285100738,-11.490532648826811,46512.28066867754,217.3832732373668,6.351248476116315e-09,1.9424122758448958,24.509193364810816,46730.53140388986,180.47794645216086,6.351501869815495e-09,1.3946306914422797,24.891194694229803,45791.190354563485,632.1318447914708,6.337030674857953e-09,3.0878704872217275,24.00980262215012,46021.87980178243,609.6224940939068,6.3411209824367735e-09,3.0691679251836863,24.31076288723889,46382.30295528783,228.01155221362617,6.351425722498436e-09,2.0575977241550216,24.509193364810816,46447.50483560017,316.4296913425563,6.353768602079941e-09,2.6053793085576373,24.891194694229803,46066.75151507882,157.9364792746471,6.328782955880518e-09,0.9121395127781895,24.00980262215012,46223.16274327828,158.82546859801982,6.333340374570018e-09,0.9308420748162303,24.31076288723889
CC-charge,0,460218.0139016397,0.0,5.24832672021552,53.2,9.584283621160651,10.516328741662724,16.93874221056843,16.160645426608195,46512.28066867754,217.3832732373668,6.351248476116315e-09,2.5695863174126377,0.0,46730.53140388986,180.47794645216086,6.351501869815495e-09,2.0441974910460137,0.0,45791.190354563485,632.1318447914708,6.337030674857953e-09,3.6621203428616647,0.0,46021.87980178243,609.6224940939068,6.3411209824367735e-09,3.6448878967517535,0.0,46382.30295528783,228.01155221362617,6.351425722498436e-09,2.6787404028028816,0.0,46447.50483560017,316.4296913425563,6.353768602079941e-09,3.2041292291695043,0.0,46066.75151507882,157.9364792746471,6.328782955880518e-09,1.5862063773538542,0.0,46223.16274327828,158.82546859801982,6.333340374570018e-09,1.6034388234637658,0.0
CC-charge,1,460290.74117436697,72.72727272727273,7.1379341521698825,53.19999999999999,14.18732173347899,14.147184108241252,12.303437186719323,12.56205697156043,46213.45637140076,499.57075080909834,6.351248533369685e-09,3.5642682391841882,-0.0,46436.709293314045,454.76937539461056,6.35150188905303e-09,3.5174410039731296,-0.0,45536.579152368635,872.6863738643373,6.337033291126933e-09,3.6961527917461545,-0.0,45762.80061163662,852.1824569877945,6.341123365642591e-09,3.6919215306502076,-0.0,46085.35186320665,510.06477391231357,6.3514257937348325e-09,3.5736659129856942,-0.0,46157.65157621551,589.0545870119665,6.353768870164397e-09,3.6204931481967524,-0.0,45808.63466464556,403.6939075603782,6.328782959500662e-09,3.441781360423726,-0.0,45961.50761739108,406.36772902411093,6.3333403789432544e-09,3.446012621519674,-0.0
CC-charge,2,460363.4684470942,145.45454545454547,7.355657265186807,53.2,13.962643292872867,14.083507621965332,12.435602690216651,12.718246394945155,45996.06550528049,734.8125541559887,6.351249778773982e-09,3.6760212648160495,-0.0,46218.231690234286,688.0609027384144,6.351502727519825e-09,3.6600490784839765,-0.0,45345.97895371888,1078.0509645245502,6.337038772109579e-09,3.729189143597882,-0.0,45567.91201213071,1060.2301330363741,6.341128620271877e-09,3.7267454741225627,-0.0,45869.323729982134,745.194653550064,6.3514271392626925e-09,3.6796360003707576,-0.0,45942.125095819916,820.9286491583053,6.3537710430570976e-09,3.6956081867028296,-0.0,45615.41016178298,613.5003698948302,6.3287833322504415e-09,3.6264681215889243,-0.0,45764.68130722508,618.6888902450701,6.33334077592544e-09,3.628911791064244,-0.0
CC-charge,3,460436.1957198215,218.1818181818182,7.446998252281791,53.2,13.817373422535779,13.992559097866407,12.555992695245878,12.834074784351936,45781.91554331615,967.3343064388619,6.351253980868923e-09,3.7223389633325783,-0.0,46002.1768262349,919.9174894349318,6.351506218394861e-09,3.7132790579659654,-0.0,45154.325571963716,1285.4307521894648,6.337047932156633e-09,3.754946207386016,-0.0,45372.04165412538,1270.31455508573,6.341137575352504e-09,3.753226109519175,-0.0,45656.51618503551,977.6057747106644,6.351431498277921e-09,3.724659288949212,-0.0,45728.988628950676,1051.376469951187,6.353776555712652e-09,3.733719194315824,-0.0,45421.11797492336,825.3656738990057,6.328785468299125e-09,3.692052044895775,-0.0,45566.86347726809,833.088689632843,6.333343014725971e-09,3.6937721427626165,-0.0
CC-charge,4,460508.9229925488,290.90909090909093,7.50632749177627,53.2,13.698740231550609,13.896940647332032,12.671247509428296,12.933071611689066,45569.63726587459,1197.7512244458621,6.351262146526972e-09,3.7522245541755637,-0.0,45787.65428450396,1150.187347016157,6.351513471426898e-09,3.745430123976802,-0.0,44960.909469423685,1494.7586826825313,6.337061898981844e-09,3.777331334303091,-0.0,45174.662290132714,1482.1027590167016,6.34115135364044e-09,3.7759445305267088,-0.0,45445.56859179763,1207.9130616369707,6.351439861061733e-09,3.754102937600707,-0.0,45517.36378624998,1280.2471842850118,6.35378636278844e-09,3.76089736779947,-0.0,45225.03879702229,1039.2213207517473,6.328790510491479e-09,3.7289961574731794,-0.0,45367.521637794875,1049.2273290342578,6.33334825099803e-09,3.7303829612495627,-0.0
CC-charge,5,460581.650265276,363.6363636363637,7.554024790204922,53.2,13.600291242774574,13.810856876843124,12.772794773027535,13.016057107354769,45358.937840341605,1426.3944232036313,6.351275418243031e-09,3.776181712947648,-0.0,45574.51585577326,1378.9545583334375,6.351525567335337e-09,3.770435658844108,-0.0,44765.88156385407,1705.869033108334,6.337082225222012e-09,3.7975873190239837,-0.0,44975.96778801951,1695.3514070082629,6.341171505659672e-09,3.7963801093718788,-0.0,45236.18995330359,1436.4474712525382,6.351453386299629e-09,3.7778430772572746,-0.0,45307.1043604148,1507.6243569135665,6.353801745968404e-09,3.783589131360814,-0.0,45027.32562376581,1254.898025519131,6.328799390408615e-09,3.7564374711809383,-0.0,45166.851584233926,1266.8564940111116,6.333357435079569e-09,3.7576446808330433,-0.0
CC-charge,6,460654.3775380033,436.3636363636364,7.595834620621346,53.2,13.521427115036744,13.74016471813792,12.855888853315129,13.082519313510211,45149.50305239735,1653.6077485994833,6.351295295941418e-09,3.7971582686040617,-0.0,45362.51099574974,1606.4640422988778,6.3515439291859005e-09,3.7920774950493823,-0.0,44569.53517766238,1918.4604485707084,6.337110731645311e-09,3.8161496049564723,-0.0,44776.22059397425,1909.7793006501356,6.341199858346876e-09,3.8150593301107163,-0.0,45028.068024910455,1663.5526853115211,6.351473590447403e-09,3.7986763520172846,-0.0,45097.9631914162,1733.7514118408055,6.353824340205728e-09,3.8037571255719635,-0.0,44828.27581621277,1472.0879372840552,6.3288132670616804e-09,3.779685015664874,-0.0,44965.11837218185,1485.6892312485882,6.333371755712007e-09,3.7807752905106287,-0.0
CC-charge,7,460727.10481073055,509.0909090909091,7.63365909622925,53.2,13.460337854830344,13.685288358645648,12.920520269875205,13.133853516648811,44941.04931025661,1879.7027513090538,6.351323738277111e-09,3.816127125614495,-0.0,45151.38645177463,1832.9824658231346,6.351570451558158e-09,3.811568328683858,-0.0,44372.16218523089,2132.219667265362,6.337149585403116e-09,3.8332051743271878,-0.0,44575.65956962702,2125.126996150088,6.341238592612807e-09,3.8322053116744628,-0.0,44820.920992553125,1889.5401058196123,6.351502445997125e-09,3.817531970614755,-0.0,44889.69044745105,1958.8933901773987,6.353856216394458e-09,3.822090767545392,-0.0,44628.18526745495,1690.4710375136265,6.3288337348074945e-09,3.800453921902062,-0.0,44762.56323819436,1705.4607857097894,6.333392847531672e-09,3.801453784554787,-0.0
CC-charge,8,460799.83208345785,581.8181818181819,7.668232497378899,53.2,13.414096359554199,13.644174913732396,12.969148233970628,13.172580492742787,44733.33730219655,2104.946870266024,6.351363024230762e-09,3.833462493070652,-0.0,44940.92051819648,2058.7521441903023,6.351607374953504e-09,3.829357877601445,-0.0,44174.01770235007,2346.8641481372224,6.337201136412691e-09,3.8488655897230117,-0.0,44374.48544690873,2341.1719160491357,6.341290079899754e-09,3.8479438298073574,-0.0,44614.51104465256,2114.6770441787567,6.351542241319776e-09,3.834770004308247,-0.0,44682.06741759477,2183.2911312974998,6.35389973064983e-09,3.838874619777454,-0.0,44427.31260587985,1909.758686852064,6.328862758158865e-09,3.819366907655888,-0.0,44559.38891000746,1925.9440200800552,6.333422716992074e-09,3.820288667571542,-0.0
CC-charge,9,460872.55935618514,654.5454545454546,7.6999093475596005,53.2,13.37963961226215,13.614150848786846,13.004865643404258,13.201343895546747,44526.17739673641,2329.5547239908637,6.3514156839161226e-09,3.8493441219166886,-0.0,44730.93507238798,2283.971589557957,6.351657221913937e-09,3.845650650140111,-0.0,43975.30708625531,2562.162309921556,6.337267848567652e-09,3.863221793697178,-0.0,44172.85650556158,2557.736137025581,6.34135681074427e-09,3.8623711852406446,-0.0,44408.64973845184,2339.178016676569,6.3515955111724255e-09,3.850565225642912,-0.0,44474.918385239456,2407.141939747393,6.353957450461862e-09,3.854258697419491,-0.0,44225.8660162085,2129.7143009037904,6.328902632924908e-09,3.8366875538624226,-0.0,44355.755241086474,2146.9573616079633,6.333463701176496e-09,3.837538162318957,-0.0
CC-charge,10,460945.2866289124,727.2727272727274,7.728919805664584,53.2,13.35426253063223,13.592712934458216,13.030562206120765,13.222462328788795,44319.42281837635,2553.6937081265733,6.3514843265861505e-09,3.8638880643728677,-0.0,44521.291734238584,2508.7966640048453,6.351722624103554e-09,3.860570924260501,-0.0,43776.19034046605,2777.9318458139246,6.337352120216967e-09,3.87636085635418,-0.0,43970.894706623905,2774.6814603139414,6.3414412165394585e-09,3.8755762778065392,-0.0,44203.19121852302,2563.210339383957,6.351664861299051e-09,3.8650317412917166,-0.0,44268.10683946601,2630.600731595963,6.3540319737956855e-09,3.8683488814040814,-0.0,44024.007704992786,2350.1516272657873,6.3289558485030165e-09,3.8525589493104038,-0.0,44151.785405084665,2368.3597701580325,6.3335183277765555e-09,3.853343527858043,-0.0
CC-charge,11,461018.0139016397,800.0000000000001,7.755455799540782,53.2,13.3357059042647,13.577735212173808,13.04870142777062,13.237857455790875,44112.9533965121,2777.5012394631767,6.3515708589972825e-09,3.8771907499822653,-0.0,44311.87847396813,2733.354110984456,6.351805557865299e-09,3.8742180740784007,-0.0,43576.79765618605,2994.023801956829,6.337455486582214e-09,3.8883701057800018,-0.0,43768.69945833031,2991.894979283027,6.3415448616127046e-09,3.8876469335913315,-0.0,43998.01606756349,2786.9113640670025,6.3517521876332156e-09,3.8782650495585167,-0.0,44061.52226375637,2853.7934848413884,6.354125130479779e-09,3.8812377254623835,-0.0,43821.86965599032,2570.918475514973,6.329024409250524e-09,3.8670856937607816,-0.0,43947.5797986208,2590.0360054238413,6.333588616239754e-09,3.8678088659494527,-0.0
CC-charge,12,461090.74117436697,872.7272727272727,7.779698777989898,53.2,13.322394051452017,13.56770045568612,13.061040562629065,13.2488649302328,43906.69753989478,3001.05969906781,6.351678195666391e-09,3.889343202606918,-0.0,44102.62683409118,2957.721848128724,6.351909004822404e-09,3.8866845634515546,-0.0,43377.208359957025,3210.3467507704618,6.337580482969183e-09,3.8993368586249346,-0.0,43566.32991784021,3209.3089881249894,6.341670319320063e-09,3.8986705739716836,-0.0,43793.05314310175,3010.363432901894,6.3518603942041015e-09,3.8903555753829795,-0.0,43855.097125324486,3076.797647659933,6.354239768699611e-09,3.8930142145383435,-0.0,43619.532287958835,2791.921428026187,6.329111270299811e-09,3.880361919364963,-0.0,43743.19816703211,2811.9169585580057,6.333677552280068e-09,3.8810282040182162,-0.0
CC-charge,13,461163.4684470942,945.4545454545455,7.801826974298185,53.2,13.313041055736573,13.561376060251781,13.069014342218656,13.256568541792994,43700.5919665482,3224.4418188362433,6.351808468285023e-09,3.900434796213571,-0.0,43893.47768140374,3181.9671897006065,6.352035197698745e-09,3.898061017312615,-0.0,43177.491381243184,3426.8212747756875,6.337728751945038e-09,3.9093474600584734,-0.0,43363.83820005709,3426.8639543153977,6.3418192639642945e-09,3.908733552716503,-0.0,43588.23955984607,3233.6392437072886,6.351991595279745e-09,3.901392178084614,-0.0,43648.77308972068,3299.6801321232597,6.3543778994356336e-09,3.9037659569855694,-0.0,43417.06547942979,3013.079327243017,6.329218796775591e-09,3.89247951423971,-0.0,43538.69314338494,3033.9418525434075,6.333787510342749e-09,3.89309342158168,-0.0
CC-charge,14,461236.1957198215,1018.1818181818182,7.822015620573978,53.2,13.30668450816288,13.557836914608558,13.073701989112148,13.261776588116415,43494.58884021966,3447.7024943282886,6.3519634001213725e-09,3.9105533965755277,-0.0,43684.38670492515,3406.1405277918116,6.352185973993889e-09,3.9084367069508397,-0.0,42977.69852119561,3643.3877461543143,6.3379015011760336e-09,3.9184858823464244,-0.0,43161.263618400735,3644.5150422517913,6.341992931631851e-09,3.9179198950439167,-0.0,43383.5277814106,3456.7936665330676,6.352147494828298e-09,3.911462223998451,-0.0,43442.50644450042,3522.4910319536516,6.3545411040484575e-09,3.9135789136231383,-0.0,43214.521744788035,3234.331229688866,6.329349034852197e-09,3.903529738227553,-0.0,43334.10443197607,3256.0649057689243,6.333920536087105e-09,3.904095725530063,-0.0
CC-charge,15,461308.9229925488,1090.909090909091,7.840435198886869,53.2,13.302605490441415,13.556389591418364,13.075913676137915,13.265091242002308,43288.65185900875,3670.8833486275666,6.3521442825448455e-09,3.9197844948961,-0.0,43475.32065584,3630.279670785639,6.352362742222946e-09,3.917898731743397,-0.0,42777.86876951896,3860.0012963994054,6.338099512295483e-09,3.926832672667892,-0.0,42958.63595367301,3862.2283254911395,6.342192126790349e-09,3.9263102717876377,-0.0,43178.881733455026,3679.8683053007485,6.352329363595705e-09,3.920650703990769,-0.0,43236.26438996202,3745.267934035384,6.354730522601581e-09,3.922536467143473,-0.0,43011.94061056593,3455.631268797145,6.3295036598815766e-09,3.9136025262189755,-0.0,43129.46210970883,3478.251468367984,6.3340782931601155e-09,3.9141249270992318,-0.0
CC-charge,16,461381.650265276,1163.6363636363637,7.857249368126212,53.2,13.30026528860369,13.556512123013029,13.07625977367061,13.266962814712679,43082.75330371933,3894.016137219069,6.352351934903628e-09,3.928210169542571,-0.0,43266.25456466337,3854.4130207082717,6.35256643454516e-09,3.9265309281346332,-0.0,42578.0315214946,4076.62810762212,6.3383231307854065e-09,3.9344641467081205,-0.0,42755.97790733072,4079.9779784659904,6.342417209807427e-09,3.9339811854256834,-0.0,42974.27387054683,3902.8949010210094,6.352537999469674e-09,3.929039198583641,-0.0,43030.02229389932,3968.0390759399093,6.354946820964393e-09,3.930718439991578,-0.0,42809.35187678118,3676.9448677502096,6.329683905154351e-09,3.922785221418091,-0.0,42924.789103752264,3700.4751579311314,6.334261995737727e-09,3.9232681827005282,-0.0
CC-charge,17,461454.3775380033,1236.3636363636365,7.872614095065563,53.2,13.299256721235627,13.557806916078958,13.075205167449019,13.2677311952364,42876.8719672426,4117.12514060869,6.352586749469531e-09,3.9359086487679695,-0.0,43057.16972177333,4078.561879344332,6.352797546882041e-09,3.934413369212781,-0.0,42378.20890460476,4293.242723603176,6.338572330690756e-09,3.9414522370206737,-0.0,42553.30681932629,4297.744302881007,6.342668164517161e-09,3.9410048021638113,-0.0,42769.68311851279,4125.897723240009,6.352773775799364e-09,3.936705446297594,-0.0,42823.761699416056,4190.825637590187,6.355190246763558e-09,3.9382007258527847,-0.0,42606.777975583915,3898.2459938837324,6.329890583038436e-09,3.9311618580448915,-0.0,42720.1029264644,3922.7158468050948,6.334472429416771e-09,3.931609292901753,-0.0
CC-charge,18,461527.10481073055,1309.0909090909092,7.886675378814753,53.2,13.299270562019581,13.559969638417618,13.073105536421618,13.267654263141184,42670.99155202564,4340.22902203187,6.352848616824563e-09,3.9429531673002343,-0.0,42848.05229060928,4302.742047778173,6.353056056760781e-09,3.9416211425796477,-0.0,42178.41741462203,4509.826149268753,6.338846661381242e-09,3.9478636863736707,-0.0,42350.63598764597,4515.512212993521,6.34294454240232e-09,3.9474481260452206,-0.0,42565.093281963455,4348.895426836005,6.353036565639172e-09,3.943722211514519,-0.0,42617.4689568499,4413.643330717784,6.355460559291618e-09,3.945054236235108,-0.0,42404.23562987074,4119.5152183107675,6.330123984483556e-09,3.9388116924410848,-0.0,42515.41700805082,4144.958117459445,6.33470985340528e-09,3.9392272527695344,-0.0
CC-charge,19,461599.83208345785,1381.818181818182,7.8995697778404494,53.2,13.30006803487865,13.562762315747687,13.07023855801256,13.266931091361108,42465.099569343016,4563.342097913915,6.353137018888864e-09,3.949412228730936,-0.0,42638.89220657568,4526.965080566183,6.3533415151797556e-09,3.948224575771547,-0.0,41978.66918394353,4726.364383386458,6.339145347334539e-09,3.9537604917967526,-0.0,42147.97557729652,4733.270189007701,6.343245562363825e-09,3.9533734296718817,-0.0,42360.49195045985,4571.902321858116,6.353325837406476e-09,3.950157549109513,-0.0,42411.13413755708,4636.50364520919,6.355757129155614e-09,3.951345202068902,-0.0,42201.737139080324,4340.738217631096,6.33038395724855e-09,3.945809286043696,-0.0,42310.74161458442,4367.190195087448,6.334974079828859e-09,3.946196348168568,-0.0
CC-charge,20,461672.55935618514,1454.5454545454547,7.911423915753051,53.2,13.301462650469484,13.565996211780353,13.06682393477793,13.26571720297224,42259.18648663448,4786.475321991995,6.353451093991563e-09,3.9553493561261406,-0.0,42429.68237126456,4751.239205870444,6.353653109600266e-09,3.9542889484456483,-0.0,41778.97292056574,4942.847330387001,6.3394673522146535e-09,3.9591998298737883,-0.0,41945.33332121099,4951.009470696247,6.343570177760916e-09,3.95883816784236,-0.0,42155.869651195724,4794.929357173985,6.353640718579251e-09,3.9560745596269107,-0.0,42204.75023901091,4859.414763561373,6.356079004023914e-09,3.9571349673074017,-0.0,41999.291331110806,4561.9046625607925,6.330669955213045e-09,3.952224085879262,-0.0,42106.08455588412,4589.403124982371,6.335264526617611e-09,3.9525857479106903,-0.0
CC-charge,21,461745.2866289124,1527.2727272727275,7.922354370987904,53.2,13.303306939001702,13.5695195007903,13.063037879544217,13.264135680663784,42053.24511980862,5009.636986377815,6.353789685307865e-09,3.960823035527927,-0.0,42220.41810288147,4975.569953650988,6.353989712268426e-09,3.9598744097214156,-0.0,41579.33455449173,5159.268050567239,6.3398114232992404e-09,3.9642341223761957,-0.0,41742.71501811963,5168.723484892593,6.343917120240605e-09,3.9638950347327633,-0.0,41951.21924511712,5017.98482119644,6.35398004313966e-09,3.961531335459977,-0.0,41998.3126426565,5082.382185241553,6.3564249569546085e-09,3.9624799612664883,-0.0,41796.90421761164,4783.007452017703,6.330981082666738e-09,3.958120248611709,-0.0,41901.45168833215,4811.590188350504,6.335580260837714e-09,3.9584593362551415,-0.0
CC-charge,22,461818.0139016397,1600.0000000000002,7.932468193460172,53.2,13.305482394115105,13.57320782740333,13.059024211952003,13.26228556652957,41847.270162813154,5232.833260616144,6.354151416121637e-09,3.9658869743107656,-0.0,42011.09668106155,5199.960670486085,6.354349960361165e-09,3.965036225879591,-0.0,41379.75776741246,5375.622149231211,6.340176161872476e-09,3.968911353533169,-0.0,41540.12491815256,5386.4074030451975,6.344284970787716e-09,3.968592276219434,-0.0,41746.53545943355,5241.074880692538,6.3543424306278165e-09,3.966581219149407,-0.0,41791.81866487323,5305.409238461997,6.356793563421609e-09,3.967431967580582,-0.0,41594.57953096644,5004.042088817633,6.3313161700749915e-09,3.9635568399270036,-0.0,41696.847304319606,5033.7464505430535,6.335920075987574e-09,3.963875917240739,-0.0
CC-charge,23,461890.74117436697,1672.727272727273,7.941863207240493,53.2,13.307892642951398,13.576958115332335,13.054901694374289,13.260247547341992,41641.25786903998,5456.068558521992,6.354534743673601e-09,3.9705902524351937,-0.0,41801.717058502516,5424.412847749031,6.3547323066089336e-09,3.969824923074802,-0.0,41180.244332577946,5591.907382456768,6.340560063837828e-09,3.9732752667001954,-0.0,41337.56598311718,5604.057841378199,6.344672203247015e-09,3.972973882925848,-0.0,41541.814571018724,5464.203947453519,6.354726335533911e-09,3.971272954805299,-0.0,41585.26727250763,5528.497406463707,6.357183250590713e-09,3.97203828416569,-0.0,41392.31906883805,5225.006276605858,6.331673823918482e-09,3.968587940540298,-0.0,41492.27439510289,5255.868454753859,6.3362825455582555e-09,3.968889324314644,-0.0
CC-charge,24,461963.4684470942,1745.4545454545455,7.950628637310992,53.2,13.31045815663559,13.580683692721433,13.050769803666396,13.258088346976578,41435.205769107044,5679.345857936729,6.354938028844251e-09,3.97497763647593,-0.0,41592.279573266496,5648.926442357313,6.3551350952024705e-09,3.97428660136532,-0.0,40980.79444705576,5808.123277751548,6.340961579133229e-09,3.977365688707746,-0.0,41135.040117816716,5821.672597365071,6.345077243183384e-09,3.9770799129283962,-0.0,41337.05412597275,5687.374997911898,6.355130119538732e-09,3.9756510008350614,-0.0,41378.65879905478,5751.6466464828245,6.3575923667177425e-09,3.97634203594567,-0.0,41190.12303101103,5445.899531783511,6.3320525053471406e-09,3.9732629486032445,-0.0,41287.734884420686,5477.953952564289,6.3366660988031054e-09,3.9735487243825927,-0.0
CC-charge,25,462036.1957198215,1818.1818181818182,7.958845465349526,53.2,13.313112552158309,13.584311011634767,13.046712655020247,13.255863781186687,41229.11240252487,5902.667001444794,6.355359612887778e-09,3.9790897578279,-0.0,41382.7856644845,5873.5001906355765,6.3555566405792666e-09,3.9784631116675393,-0.0,40781.407058253586,6024.270764661554,6.3413791732060355e-09,3.9812187200554594,-0.0,40932.54839004967,6039.2504014885935,6.345498530750846e-09,3.980946680595004,-0.0,41132.252672961105,5910.589873730333,6.355552124682713e-09,3.979755707521626,-0.0,41171.99466420578,5974.855701905431,6.358019251851179e-09,3.9803823536819882,-0.0,40987.990350398024,5666.72280546481,6.332450613187135e-09,3.977626745294068,-0.0,41083.22985068969,5700.001649966137,6.3370691057427565e-09,3.977898784754523,-0.0
CC-charge,26,462108.9229925488,1890.909090909091,7.9665871763193525,53.2,13.31579987094384,13.58777729246966,13.042801836241058,13.253621000345445,41022.97719396364,6126.032839264004,6.355797840391365e-09,3.9829634870802613,-0.0,41173.2377628869,6098.131732374019,6.355995254714271e-09,3.9823924367368018,-0.0,40582.079993471954,6240.352024624912,6.3418113432270196e-09,3.9848670896637337,-0.0,40730.0911316281,6256.790800522749,6.345934538188682e-09,3.984607111769727,-0.0,40927.40964026133,6133.849424633977,6.355990700363323e-09,3.9836236892390917,-0.0,40965.277265857934,6198.122225702644,6.358462262858018e-09,3.9841947395825517,-0.0,40785.918824385335,5887.478329656525,6.332866514041687e-09,3.981720086655617,-0.0,40878.759629019485,5922.01108783368,6.3374899084465205e-09,3.981980064549627,-0.0
CC-charge,27,462181.650265276,1963.6363636363637,7.973920265780357,53.2,13.31847265262961,13.591028893493432,13.039098386890094,13.25140006698687,40816.80031950542,6349.443379033105,6.356251098996076e-09,3.986632188405682,-0.0,40963.63914831206,6322.817767578974,6.3564492858838536e-09,3.9861089500950064,-0.0,40382.81012308522,6456.370307082202,6.3422566451604125e-09,3.9883403959150256,-0.0,40527.66804838557,6474.294033748334,6.346383796688711e-09,3.988090985086433,-0.0,40722.52520285042,6357.153658139635,6.3564442377272645e-09,3.987288077374675,-0.0,40758.5098395473,6421.442936375613,6.358919805162476e-09,3.98781131568535,-0.0,40583.90528025452,6108.169428901592,6.333298586266185e-09,3.985579869865332,-0.0,40674.32392232231,6143.982515121949,6.337926862935581e-09,3.985829280693925,-0.0
CC-charge,28,462254.3775380033,2036.3636363636365,7.980904823845314,53.2,13.321090531355841,13.594020140072802,13.035654227694183,13.249235100877177,40610.58263064486,6572.897872166363,6.356717833231525e-09,3.9901260124498084,-0.0,40753.993865707664,6547.554149660586,6.3569171371382674e-09,3.989643715668775,-0.0,40183.59345562271,6672.329821632009,6.342713703536264e-09,3.9916653768176626,-0.0,40325.27828332717,6691.760961229454,6.34684490689393e-09,3.9914252029719357,-0.0,40517.60020688471,6580.501825874308,6.356911186838155e-09,3.9907788113955065,-0.0,40551.69637558241,6644.813710687306,6.359390348708383e-09,3.991261108176542,-0.0,40381.945671580324,6328.800409731131,6.333745241771208e-09,3.989239447027653,-0.0,40469.921865079785,6365.916815316182,6.338378362148548e-09,3.9894796208733796,-0.0
CC-charge,29,462327.10481073055,2109.0909090909095,7.9875949753927635,53.2,13.323619010699794,13.596712258636789,13.032513457588628,13.247155273074792,40404.32547656474,6796.395009040404,6.357196596048826e-09,3.9934721171281318,-0.0,40544.30651438694,6772.336113431477,6.357397317844127e-09,3.9930247139333988,-0.0,39984.425375206905,6888.235474992286,6.3431812512810794e-09,3.994866112770682,-0.0,40122.920563400134,6909.192901584823,6.347316579647272e-09,3.994633995051964,-0.0,40312.63599309179,6803.892618686127,6.357390106189229e-09,3.994122858264632,-0.0,40344.84141115207,6868.229810435267,6.359872474763034e-09,3.994570261459366,-0.0,40180.03531893091,6549.376291389426,6.334204985153305e-09,3.9927288626220827,-0.0,40265.55217158143,6587.815340345075,6.338842894273828e-09,3.9929609803407993,-0.0
CC-charge,30,462399.83208345785,2181.818181818182,7.994039519034953,53.2,13.326028720580744,13.599072775393156,13.029713096288766,13.245185407737342,40198.03068948596,7019.932937363511,6.357686039341805e-09,3.996694988170061,-0.0,40334.58222981152,6997.158296474235,6.357888437374485e-09,3.996277171341471,-0.0,39785.30066073882,7104.092848655962,6.3436581180041715e-09,3.9979643149324304,-0.0,39920.593212827145,7126.591616362454,6.347797623848636e-09,3.9977392079677014,-0.0,40107.6343822054,7027.324185006135,6.3578796530482675e-09,3.997344530864891,-0.0,40137.95001235018,7091.6859037393115,6.36036486631491e-09,3.997762347693482,-0.0,39978.16892931766,6769.902782831842,6.334676405781704e-09,3.9960752041025223,-0.0,40061.21314939106,6809.679894469879,6.339319036153875e-09,3.9963003110672513,-0.0
CC-charge,31,462472.55935618514,2254.545454545455,8.000282330669393,53.2,13.328294790155123,13.601074986807456,13.027283737009183,13.24334648602824,39991.70049556533,7243.509360442969,6.358184927999952e-09,3.999816641555988,-0.0,40124.826570779696,7222.014861498842,6.358389219894893e-09,3.9994237684501046,-0.0,39586.21361092533,7319.908060746346,6.344143239690536e-09,4.000979507247191,-0.0,39718.29422778485,7343.959227789069,6.348286956343957e-09,4.0007604882741,-0.0,39902.59758642698,7250.794229075365,6.358378598156114e-09,4.000465689113406,-0.0,39931.02766288566,7315.176186737307,6.360866319381643e-09,4.000858562219289,-0.0,39776.34072295003,6990.386141309783,6.335158199975291e-09,3.9993028234222026,-0.0,39856.902774758615,7031.512650073938,6.339805472575884e-09,3.9995218423952923,-0.0
CC-charge,32,462545.2866289124,2327.2727272727275,8.006362825996884,53.2,13.330396346105637,13.602697510136913,13.025250092649243,13.241656051108205,39785.33745181375,7467.121607016417,6.358692145441044e-09,4.002856855550273,-0.0,39915.04543576039,7446.899587266568,6.3588985090008426e-09,4.0024848787965,-0.0,39387.158135914775,7535.687665010511,6.344635660329985e-09,4.003929233434695,-0.0,39516.02132992857,7561.298159995669,6.348783604529673e-09,4.003715490555201,-0.0,39697.528146740115,7474.300080748451,6.358885830271239e-09,4.003505970446612,-0.0,39724.08018155668,7538.694474009159,6.36137574890404e-09,4.003877947200383,-0.0,39574.54452612701,7210.83306899211,6.335649176479722e-09,4.0024335925621894,-0.0,39652.61874668811,7253.316087504164,6.340301005210147e-09,4.002647335441682,-0.0
CC-charge,33,462618.0139016397,2400.0,8.012316374340056,53.2,13.332316117574017,13.603923910649469,13.023631443795084,13.24012852798143,39578.94438924882,7690.7666941169655,6.359206692626918e-09,4.0058333783048505,-0.0,39705.24498508133,7671.805953158848,6.35941526925588e-09,4.00547878277223,-0.0,39188.1278419495,7751.438557717092,6.3451345303659845e-09,4.006829241506348,-0.0,39313.77201494306,7778.611085915924,6.3492867027558605e-09,4.00662006298453,-0.0,39492.428876416,7697.838758329751,6.359400355826921e-09,4.006482996035206,-0.0,39517.11364547678,7762.234282669592,6.361892186501287e-09,4.006837591567828,-0.0,39372.77385705864,7431.250617707852,6.336148261239635e-09,4.00548713283371,-0.0,39448.35853596555,7475.092940746442,6.340804552394775e-09,4.005696311355528,-0.0
CC-charge,34,462690.74117436697,2472.727272727273,8.018174680532898,53.2,13.334040109095463,13.604742367503395,13.02244203279075,13.238775490610388,39372.52436124156,7914.441384183549,6.35972768657938e-09,4.008762119445998,-0.0,39495.431568407665,7896.727218051397,6.359938583509274e-09,4.008421865103196,-0.0,38989.11610983173,7967.167891469567,6.345639102565057e-09,4.009693653555635,-0.0,39111.5435969118,7995.900878897719,6.349795490934887e-09,4.009488418104316,-0.0,39287.302809683824,7921.407025661895,6.359921296321818e-09,4.009412561086899,-0.0,39310.1343185419,7985.78891078894,6.362414777705753e-09,4.009752815429701,-0.0,39171.022005409446,7651.6461008031165,6.3366544958674055e-09,4.008481026977261,-0.0,39244.119429967526,7696.846147953381,6.34131515117632e-09,4.008686262428581,-0.0
CC-charge,35,462763.4684470942,2545.4545454545455,8.023966135857311,53.2,13.335555058442525,13.605145004155217,13.021692311659915,13.237607625742347,39166.07938531413,8138.143555543836,6.360254643724941e-09,4.011657326127201,-0.0,39285.61147217417,8121.6567035593225,6.360467940583451e-09,4.011328796404285,-0.0,38790.11663397479,8182.882459068378,6.346148986506154e-09,4.012535121576671,-0.0,38909.33416118513,8213.169567873085,6.350309564926271e-09,4.012333289652802,-0.0,39082.151951420834,8145.002761991513,6.360448171745051e-09,4.0123088097301105,-0.0,39103.14840227366,8209.351719402728,6.362943051699901e-09,4.0126373394530255,-0.0,38969.28257877345,7872.026461850246,6.337167356018004e-09,4.011431014280641,-0.0,39039.89949500977,7918.577783451745,6.3418322680148565e-09,4.011632846204509,-0.0
CC-charge,36,462836.1957198215,2618.1818181818185,8.029716139962837,53.2,13.336855690802352,13.6051292349649,13.02138590831751,13.23662916591524,38959.61440378807,8361.867884175002,6.3607865360271746e-09,4.014531744546642,-0.0,39075.79171308176,8346.586888042768,6.361002280051184e-09,4.014212699713372,-0.0,38591.12172219853,8398.590656042048,6.346663303149407e-09,4.015364969634237,-0.0,38707.139569757695,8430.421627968495,6.350828037162087e-09,4.01516607531844,-0.0,38876.98121296509,8368.62064566371,6.360979959725716e-09,4.0151843954161945,-0.0,38896.16281859269,8432.915230478797,6.363476022513227e-09,4.015503440249463,-0.0,38767.54777905666,8092.400285389016,6.337685703062265e-09,4.014351170328601,-0.0,38835.69455194424,8140.292421333848,6.342354769080725e-09,4.014550064644397,-0.0
CC-charge,37,462908.9229925488,2690.909090909091,8.035447394276225,53.2,13.337936136133925,13.604695048264798,13.021524261509597,13.235844554091688,38753.13280794507,8585.610738862595,6.361322811325346e-09,4.017396767125167,-0.0,38865.97872375575,8571.510914843617,6.361541025578235e-09,4.017085302417943,-0.0,38392.12460068283,8614.299812258196,6.347181594526015e-09,4.018193324377597,-0.0,38504.95687566657,8647.660218404233,6.351350441161788e-09,4.017996968293442,-0.0,38671.7939643416,8592.257047089059,6.361516111703182e-09,4.018050627151058,-0.0,38689.18391323397,8656.472627709394,6.364013159855781e-09,4.018362091858284,-0.0,38565.81073917667,8312.775064412404,6.338208920019273e-09,4.0172540698986285,-0.0,38631.50162450427,8361.99329008026,6.342882036411538e-09,4.017450425982784,-0.0
CC-charge,38,462981.650265276,2763.636363636364,8.041180049604119,53.2,13.33879500540533,13.60384964099654,13.022101042047511,13.235254311550623,38546.638168719684,8809.368276583591,6.36186296373359e-09,4.020262506407204,-0.0,38656.178692670284,8796.422158695887,6.362083649958487e-09,4.019957027870328,-0.0,38193.11867690495,8830.017090449319,6.34770344019325e-09,4.021029115133801,-0.0,38302.78301529,8864.888636155618,6.35187634992943e-09,4.020834960887524,-0.0,38466.59375409779,8815.908124977233,6.36205612516022e-09,4.020917543196916,-0.0,38482.217791079485,8880.017324859196,6.364553979600448e-09,4.0212230217337925,-0.0,38364.06477583801,8533.158120920352,6.338736435713099e-09,4.02015093447032,-0.0,38427.31761861004,8583.683758508601,6.343413499938746e-09,4.020345088716596,-0.0
CC-charge,39,463054.3775380033,2836.3636363636365,8.046932339450956,53.2,13.339426275758077,13.602590576162543,13.023120113557697,13.23486303452168,38340.13374920896,9033.136979740442,6.3624066682597985e-09,4.023138113395632,-0.0,38446.39805630116,9021.31371566471,6.362629809361787e-09,4.022837258650609,-0.0,37994.09720250648,9045.749824381473,6.348228581643931e-09,4.023880628572734,-0.0,38100.6151388818,9082.109945934591,6.352405498045991e-09,4.023688387241624,-0.0,38261.38382487783,9039.57036332831,6.362599677773142e-09,4.023794226055324,-0.0,38275.270801665305,9103.542458978518,6.365098171477565e-09,4.024095080800348,-0.0,38162.30304776953,8753.556950699292,6.339267874918732e-09,4.023051710878222,-0.0,38223.13965618009,8805.366957509144,6.3439487833475e-09,4.023243952209332,-0.0
CC-charge,40,463127.10481073055,2909.0909090909095,8.052720424666854,53.2,13.339832864452303,13.600932441215916,13.024567299299218,13.234667395032572,38133.62302519798,9256.913089625255,6.362953614594291e-09,4.0260316986716065,-0.0,38236.64295411532,9246.178985550032,6.363179176826048e-09,4.025734358708496,-0.0,37795.05364953958,9261.505124166652,6.348756769601559e-09,4.026755003644217,-0.0,37898.45026070476,9299.327366833175,6.352937631338686e-09,4.026564439665206,-0.0,38056.167630678065,9263.240005149511,6.363146461702795e-09,4.026688725995247,-0.0,38068.34900152458,9327.041469047454,6.365645440644662e-09,4.026986065958356,-0.0,37960.51893714015,8973.97882095473,6.339802874656029e-09,4.025965421022635,-0.0,38018.96472179232,9027.046175425616,6.3444875247149386e-09,4.026155985001645,-0.0
CC-charge,41,463199.83208345785,2981.818181818182,8.058558634700805,53.2,13.340017093729285,13.598887122155244,13.026431134017589,13.234664650097889,37927.10943745907,9480.692879007356,6.363503561834174e-09,4.028950454044638,-0.0,38026.919347331466,9471.011551660074,6.363731497085599e-09,4.028655725718962,-0.0,37595.98166035693,9477.28991943866,6.34928781459584e-09,4.029658647035778,-0.0,37696.28543589538,9516.544075865277,6.353472556163458e-09,4.029469569121194,-0.0,37850.94859070143,9486.913324920166,6.363696238282477e-09,4.029608180656166,-0.0,37861.45827135708,9550.507976556362,6.366195559786741e-09,4.0299029089818434,-0.0,37758.70599876801,9194.43081412097,6.340341145689069e-09,4.028899987665024,-0.0,37814.7898413022,9248.724657282184,6.345029436308416e-09,4.02908906557961,-0.0
CC-charge,42,463272.55935618514,3054.545454545455,8.064459722392094,53.2,13.339982848422373,13.596468719689055,13.028697734960708,13.23485069692787,37720.59636461479,9704.472681240532,6.364056331898852e-09,4.031900780215237,-0.0,37817.2329780011,9695.805223501173,6.364286579621762e-09,4.031607942188998,-0.0,37396.8750915451,9693.110913348628,6.349821581140428e-09,4.032597263970337,-0.0,37494.11778386321,9733.763183417177,6.354010133870789e-09,4.032409520872316,-0.0,37645.73006239296,9710.586657684149,6.364248831313779e-09,4.032558942176857,-0.0,37654.604275653015,9773.935827922882,6.366748362409948e-09,4.032851780203096,-0.0,37556.858004652,9414.919780885783,6.340882465766148e-09,4.031862458421754,-0.0,37610.61210547932,9470.405579759683,6.345574297792125e-09,4.0320502015197786,-0.0
CC-charge,43,463345.2866289124,3127.2727272727275,8.07043502771398,53.2,13.33973540725488,13.593693266419747,13.031351098353237,13.23522022797214,37514.08710224165,9928.248913621823,6.36461180328326e-09,4.034888368912816,-0.0,37607.5893404248,9920.554068461497,6.3648442922228e-09,4.034596860183035,-0.0,37197.728045044816,9908.974548090326,6.350357982399748e-09,4.035575930746261,-0.0,37291.94450611016,9950.987713807575,6.354550275029682e-09,4.035389407432749,-0.0,37440.51532066911,9934.256422394086,6.364804120925185e-09,4.035546658801163,-0.0,37447.79243449721,9997.319125979304,6.367303736943252e-09,4.035838167530945,-0.0,37354.968975525415,9635.452305006784,6.341426673072056e-09,4.034859096967719,-0.0,37406.428688000946,9692.09203138683,6.346121949317376e-09,4.03504562028123,-0.0
CC-charge,44,463418.0139016397,3200.0000000000005,8.076494625962404,53.2,13.33928128025718,13.590578451666172,13.034373387230671,13.23576688084598,37307.584844465666,10152.01809800348,6.365169905354304e-09,4.037918277229382,-0.0,37397.993656728126,10145.252439012176,6.365404555079308e-09,4.037627677985054,-0.0,36998.53489497233,10124.886975114108,6.3508969753470965e-09,4.038599160440435,-0.0,37089.762901776674,10168.2205882888,6.355092934717335e-09,4.038413774639227,-0.0,37235.30753963266,10157.919142516062,6.365362037854639e-09,4.038576348733021,-0.0,37241.027899474895,10220.652256993928,6.367861621025218e-09,4.0388669479773505,-0.0,37153.033208044246,9856.034672909951,6.3419736602752364e-09,4.037895465521972,-0.0,37202.23686115554,9913.786995222179,6.346672285773959e-09,4.038080851323177,-0.0
CC-charge,45,463490.74117436697,3272.727272727273,8.082647461807827,53.2,13.338628052611892,13.58714335578201,13.037745209046133,13.236483382559967,37101.0926679286,10375.776878805375,6.365730613116843e-09,4.04099499486048,-0.0,37188.45085638963,10369.894995610686,6.365967335366448e-09,4.040705009431548,-0.0,36799.29031033433,10340.8540298071,6.351438556236927e-09,4.041670962400898,-0.0,36887.57038103656,10385.4646103661,6.355638107758571e-09,4.041486661472514,-0.0,37030.10977664186,10381.571464032764,6.36592255827479e-09,4.0416524669473475,-0.0,37034.31553348049,10443.929913426642,6.36842199646009e-09,4.04194245237628,-0.0,36951.045297811914,10076.672847853939,6.342523368958807e-09,4.040976499406931,-0.0,36998.03400936458,10135.493333903805,6.347225250995138e-09,4.041160800335314,-0.0
CC-charge,46,463563.4684470942,3345.454545454546,8.088901470517246,53.2,13.33778423532085,13.583408195701118,13.0414458815618,13.237361687416241,36894.613518008424,10599.52203855412,6.366293942512829e-09,4.044122504909269,-0.0,36978.96555954472,10594.476725519828,6.3665326423448925e-09,4.043832946592133,-0.0,36599.98927382896,10556.881210430554,6.351982756697549e-09,4.044794896104746,-0.0,36685.364476438874,10602.722453322976,6.3561858249032456e-09,4.044611654209236,-0.0,36824.92495860701,10605.21017097009,6.366485699092776e-09,4.0447789656079784,-0.0,36827.65989424036,10667.147112627046,6.368984884693395e-09,4.045068523925113,-0.0,36749.00015844867,10297.372448440023,6.343075784657247e-09,4.0441065744125,-0.0,36793.8176406441,10357.213776944047,6.347780832845806e-09,4.044289816308011,-0.0
CC-charge,47,463636.1957198215,3418.1818181818185,8.095263687567057,53.2,13.336759123102755,13.579394083168227,13.045453685743903,13.238393107985113,36688.150197144656,10823.250511083914,6.366859946186944e-09,4.0473043388663905,-0.0,36769.54206384027,10818.992957759894,6.367100522968649e-09,4.047015116430452,-0.0,36400.627096970835,10772.973661075195,6.352529640091698e-09,4.047974119918115,-0.0,36483.142852321726,10819.996649823393,6.356736148909949e-09,4.047791935444739,-0.0,36619.75587040306,10828.832198598262,6.3670515137514756e-09,4.047959348700666,-0.0,36621.06522135189,10890.299211683483,6.369550342619636e-09,4.048248571136606,-0.0,36546.89303691321,10518.138731225246,6.343630932272575e-09,4.047289567648942,-0.0,36589.58539611139,10578.950910147143,6.348339058546765e-09,4.047471752122318,-0.0
CC-charge,48,463708.9229925488,3490.909090909091,8.10174034777199,53.2,13.335562659935338,13.575122796831092,13.04974610459503,13.23956843863854,36481.70535517662,11046.95939254778,6.367428709724984e-09,4.050543626330016,-0.0,36560.18433462289,11043.439374433885,6.367671057978186e-09,4.050254732028256,-0.0,36201.199431745954,10989.136158403686,6.353079298330887e-09,4.051211435253113,-0.0,36280.90331242054,11037.289583469332,6.3572891714633655e-09,4.051030328485116,-0.0,36414.605145259375,11052.434644431187,6.3676200884773484e-09,4.051196721441974,-0.0,36414.53542659904,11113.381918676565,6.370118459018768e-09,4.051485615743732,-0.0,36344.71952532553,10738.976577202504,6.344188872057755e-09,4.050528912518876,-0.0,36385.33505766422,10800.707167012302,6.3488999906082904e-09,4.050710019286873,-0.0
CC-charge,49,463781.650265276,3563.636363636364,8.108336974968465,53.2,13.334205312549667,13.570616569136389,13.054300047078309,13.240878071235636,36275.28148153437,11270.645950360942,6.368000348319599e-09,4.053843139987211,-0.0,36350.89599824014,11267.812018658517,6.368244358423068e-09,4.053554638911003,-0.0,36001.70227903327,11205.373101927065,6.353631849075022e-09,4.054509326577754,-0.0,36078.643805795145,11254.603482177434,6.357845010295534e-09,4.054329337567861,-0.0,36209.47525699998,11276.014777164708,6.368191538965632e-09,4.054493834981254,-0.0,36208.07408734582,11336.391300553074,6.3706893512939676e-09,4.054782336057462,-0.0,36142.47556950281,10959.890481893206,6.3447496959806255e-09,4.053827648390712,-0.0,36181.064553970056,11022.484822002163,6.349463723321459e-09,4.054007637400606,-0.0
CC-charge,50,463854.3775380033,3636.3636363636365,8.115058463207614,53.2,13.332697952185159,13.56589788865338,13.059092056553553,13.24231210260791,36068.8808991733,11494.307630226507,6.368575003845165e-09,4.0572053363359375,-0.0,36141.680338205944,11492.107299365587,6.368820562628321e-09,4.056917356969931,-0.0,35802.13199403049,11421.68850757593,6.354187433274815e-09,4.0578699976989805,-0.0,35876.36243118457,11471.940413249144,6.358403806600867e-09,4.057691184333865,-0.0,36004.36851401701,11499.570043705027,6.3687660074869785e-09,4.057853126871677,-0.0,36001.68444275439,11559.323787891728,6.37126316262427e-09,4.0581411062376835,-0.0,35940.157474457665,11180.884548791817,6.345313524574814e-09,4.057188465508634,-0.0,35976.77196486357,11244.285985523744,6.350030379333743e-09,4.057367278873751,-0.0
CC-charge,51,463927.10481073055,3709.0909090909095,8.121909150337704,53.2,13.331051744758364,13.560989318235368,13.064098503324363,13.243860433681915,35862.50576010988,11717.942061386557,6.369152842296535e-09,4.060632392589079,-0.0,35932.54029401295,11716.321993207732,6.369399833533399e-09,4.060345118436535,-0.0,35602.48528890379,11638.08600430101,6.354746212967891e-09,4.061295404705841,-0.0,35674.05743993794,11689.302279988055,6.358965722820264e-09,4.061117840940416,-0.0,35799.28705483906,11723.098074411673,6.369343660329255e-09,4.061276757748625,-0.0,35795.36939260966,11782.17617679415,6.371840059487217e-09,4.061564031901168,-0.0,35737.76190708847,11401.962485919217,6.345880504120235e-09,4.060613745631862,-0.0,35772.455524310906,11466.112600502942,6.350600107010633e-09,4.060791309397287,-0.0
CC-charge,52,463999.83208345785,3781.818181818182,8.128892884782545,53.2,13.329278049587188,13.555913329181637,13.069295761136088,13.245512860095083,35656.15804244612,11941.547060228017,6.369734051592905e-09,4.064126240165083,-0.0,35723.47846234454,11940.453243829905,6.369982356381603e-09,4.06383990232746,-0.0,35402.75923290904,11854.568833469093,6.355308369439916e-09,4.064787285928043,-0.0,35471.727237632804,11906.690819755775,6.359530940850411e-09,4.064611060172572,-0.0,35594.23284516741,11946.596686700632,6.369924685611503e-09,4.06476664461746,-0.0,35589.13149852083,12004.945628151505,6.372420229590715e-09,4.065052982455084,-0.0,35535.28589629716,11623.12760521574,6.346450804200636e-09,4.064105598854501,-0.0,35568.11362203459,11687.96644040451,6.351173077887759e-09,4.064281824609972,-0.0
CC-charge,53,464072.55935618514,3854.545454545455,8.136013086258817,53.2,13.327388326688911,13.550692151375042,13.074660367610749,13.247259154325306,35449.83954874359,12165.120632384054,6.370318839658993e-09,4.06768859513816,-0.0,35514.49710047455,12164.498558742931,6.37056833674519e-09,4.067403465744456,-0.0,35202.951250197395,12071.13985080132,6.35587410164667e-09,4.068347189237804,-0.0,35269.37038450536,12124.107603303977,6.360099660300073e-09,4.068172402882877,-0.0,35389.20767626397,12170.063887146936,6.370509291381536e-09,4.0683244911206575,-0.0,35382.97298727015,12227.629664539205,6.373003879952683e-09,4.068609620514362,-0.0,35332.726830770516,11844.382824539756,6.347024615627516e-09,4.067665897021015,-0.0,35363.74480395536,11909.849108576991,6.351749484661627e-09,4.067840683375942,-0.0
CC-charge,54,464145.2866289124,3927.2727272727275,8.143272801115238,53.2,13.325394052634815,13.545347639184927,13.080169168788647,13.249089139391609,35243.55190563099,12388.660973469932,6.370907432817178e-09,4.071320985990506,-0.0,35305.598131614446,12388.455804044263,6.371157998822203e-09,4.071037372383244,-0.0,35003.0591155384,12287.801530611277,6.356443624760575e-09,4.071976496996855,-0.0,35066.985594810874,12341.554035283869,6.360672097134209e-09,4.071803263063079,-0.0,35184.21316456206,12393.497872221069,6.371097704024275e-09,4.071951815124731,-0.0,35176.8957560938,12450.226164962014,6.3735912353711646e-09,4.072235428731995,-0.0,35130.082454639574,12065.730672007205,6.347602148599713e-09,4.071296304118384,-0.0,35159.34777154554,12131.762038772265,6.352329539238744e-09,4.071469538052159,-0.0
CC-charge,55,464218.0139016397,4000.0000000000005,8.15067543081117,53.2,13.323306120968878,13.539900423023902,13.085800273458364,13.25099318254886,35037.29667266634,12612.166350535244,6.371500089222436e-09,4.075025119274535,-0.0,35096.78342905419,12612.32289845501,6.371751598411303e-09,4.074743360548175,-0.0,34803.08066378106,12504.556281243476,6.357017183734455e-09,4.075676785272042,-0.0,34864.571638385205,12559.031459781338,6.361248496944472e-09,4.075505227784758,-0.0,34979.25085984056,12616.896909791829,6.371690181689585e-09,4.075650311536633,-0.0,34970.90165297595,12672.733060742848,6.374182551592594e-09,4.075932070262994,-0.0,34927.35057294179,12287.173608281872,6.3481836455535765e-09,4.074998645539129,-0.0,34954.92128240944,12353.706602884025,6.352913485530252e-09,4.075170203026411,-0.0
CC-charge,56,464290.74117436697,4072.727272727273,8.15822220683162,53.2,13.321137066968348,13.534373319612781,13.091529264943432,13.252960348475446,34831.07503308725,12835.635439413232,6.372097056405669e-09,4.078801612016546,-0.0,34888.05402182246,12836.098669523864,6.3723493815810895e-09,4.078522069876686,-0.0,34603.0146054563,12721.405558971672,6.357595011394238e-09,4.079448568515576,-0.0,34662.12761733413,12776.540863407223,6.361829093665562e-09,4.0792788196963246,-0.0,34774.32193792296,12840.259676322126,6.372286971851884e-09,4.079420594815074,-0.0,34764.991693045726,12895.149186536448,6.374778073836293e-09,4.079700136954935,-0.0,34724.52987845374,12508.713121269693,6.348769339682188e-09,4.078773638316045,-0.0,34750.464429725806,12575.68380789515,6.353501558432981e-09,4.078943387135297,-0.0
CC-charge,57,464363.4684470942,4145.454545454546,8.165915882933287,53.2,13.31889733096952,13.528785193676129,13.097335932239469,13.254981543114885,34624.88809260805,13059.067000059873,6.372698608609991e-09,4.082651845180222,-0.0,34679.410874606656,13059.782015169454,6.372951620822509e-09,4.082374904108026,-0.0,34402.859728615025,12938.350733026566,6.358177365614688e-09,4.083293131145044,-0.0,34459.65269649968,12994.083163637724,6.362414146104991e-09,4.083125331892014,-0.0,34569.42749759137,13063.584932356314,6.372888348654736e-09,4.083264037753065,-0.0,34559.1668279578,13117.473446951652,6.3753780732453714e-09,4.083540978825262,-0.0,34521.61914253899,12730.350609907791,6.349359491145906e-09,4.082622751788242,-0.0,34545.97637003357,12797.694590200323,6.354094019510818e-09,4.082790551041275,-0.0
CC-charge,58,464436.1957198215,4218.181818181819,8.173758475581653,53.2,13.316597777596481,13.523155343966241,13.103199507874754,13.257047370562528,34418.73678746222,13282.459976017473,6.3733050342072236e-09,4.086576829353032,-0.0,34470.85465136366,13283.372156913378,6.373558602780097e-09,4.086302891801584,-0.0,34202.615141856884,13155.392823254779,6.358764516926853e-09,4.0872114035959095,-0.0,34257.14618542597,13211.65912159484,6.363003925748213e-09,4.087045702064745,-0.0,34364.56846920794,13286.871621939466,6.373494600330773e-09,4.087181646228623,-0.0,34353.427712703764,13339.705068242401,6.375982834623109e-09,4.087455583780071,-0.0,34318.61746152619,12952.08711614571,6.34995437462524e-09,4.086547071985745,-0.0,34341.45640601012,13019.739726582677,6.354691144724121e-09,4.0867127735169095,-0.0
CC-charge,59,464508.9229925488,4290.909090909091,8.181751844387442,53.2,13.314248987918253,13.517502238724823,13.10910003614592,13.259148737211003,34212.62188977409,13505.813489066391,6.373916635119724e-09,4.090577496103378,-0.0,34262.385729971036,13506.868624972378,6.374170627636319e-09,4.0903069793854225,-0.0,34002.28025996991,13372.532514845621,6.359356748047763e-09,4.091204249316761,-0.0,34054.607532893584,13429.26934754477,6.363598716263464e-09,4.091040800044306,-0.0,34159.74562006117,13510.118867271982,6.374106028628423e-09,4.091174348284065,-0.0,34147.77472005764,13561.843583498243,6.376592655881685e-09,4.091444865002019,-0.0,34115.52424214447,13173.923339994717,6.350554278632137e-09,4.0905475950706816,-0.0,34136.903980957424,13241.819839827309,6.355293223747997e-09,4.090711044343137,-0.0
CC-charge,60,464581.650265276,4363.636363636364,8.189897726922334,53.2,13.311861223581742,13.51184346659818,13.115018430401983,13.261276879418102,34006.5440123386,13729.12683417867,6.374533726405643e-09,4.094654715438304,-0.0,34054.0042155348,13730.271244160956,6.374788008653631e-09,4.0943880489908855,-0.0,33801.85479093399,13589.770172249318,6.359954353525907e-09,4.095272480820331,-0.0,33852.03632202271,13646.914306080867,6.36419881315077e-09,4.0951114439213745,-0.0,33954.95955910134,13733.3259636619,6.374722948406657e-09,4.09524301148403,-0.0,33942.20795370115,13783.888818621812,6.377207847628035e-09,4.095509677931448,-0.0,33912.33918835062,13395.859653752539,6.351159504981733e-09,4.0946252461020025,-0.0,33932.31867384888,13463.935404026512,6.3559005594363256e-09,4.094786283000959,-0.0
CC-charge,61,464654.3775380033,4436.363636363637,8.19819777172879,53.2,13.309444398161357,13.506195699268853,13.12093651795655,13.263423384613242,33800.5036138481,13952.399473947291,6.375156635990134e-09,4.098809312355854,-0.0,33845.70995430501,13953.580119094479,6.3754110718729404e-09,4.098546935341239,-0.0,33601.33872219955,13807.105853909896,6.360557639516806e-09,4.099416874979108,-0.0,33649.432265031704,13864.594321699993,6.364804523504118e-09,4.099258415411103,-0.0,33750.21074214626,13956.492373960637,6.375345687354136e-09,4.099388459372936,-0.0,33736.72726196467,14005.84087762738,6.3778287329087265e-09,4.099650836387552,-0.0,33709.062287425004,13617.89611705978,6.351770368415984e-09,4.098780896749683,-0.0,33727.70019404227,13686.086750266371,6.356513467446613e-09,4.098939356317686,-0.0
CC-charge,62,464669.9013964128,4451.8874947731365,8.19999,53.2,13.308923639016143,13.504988549816867,13.122202826457947,13.263884984709044,33756.52792487173,14000.053070734897,6.3752902797138876e-09,4.099706442213529,-0.0,33801.25874084556,14001.235517330333,6.375544732887539e-09,4.099445039742277,-0.0,33558.5277324142,13853.507876266292,6.360687077279858e-09,4.100311662180376,-0.0,33606.182082979656,13911.062762589756,6.364934471252961e-09,4.1001537749809875,-0.0,33706.510718468555,14004.123297933982,6.375479294733301e-09,4.100283557786471,-0.0,33692.87648068921,14053.20672338025,6.377961930063557e-09,4.100544960257724,-0.0,33665.66184882628,13665.301775345693,6.351901419439456e-09,4.099678337819625,-0.0,33684.01999022868,13733.509692558164,6.356644947638161e-09,4.099836225019012,-0.0
CV-charge,0,464669.9013964128,0.0,8.2,53.22212848987549,13.314470573606304,13.510645326378024,13.127621145105959,13.269391444785205,33756.52792487173,14000.053070734897,6.3752902797138876e-09,4.0997114028744415,0.0,33801.25874084556,14001.235517330333,6.375544732887539e-09,4.0994499634447825,0.0,33558.5277324142,13853.507876266292,6.360687077279858e-09,4.100316710023372,0.0,33606.182082979656,13911.062762589756,6.364934471252961e-09,4.10015880076958,0.0,33706.510718468555,14004.123297933982,6.375479294733301e-09,4.100288597125558,0.0,33692.87648068921,14053.20672338025,6.377961930063557e-09,4.100550036555217,0.0,33665.66184882628,13665.301775345693,6.351901419439456e-09,4.0996832899766265,0.0,33684.01999022868,13733.509692558164,6.356644947638161e-09,4.099841199230419,0.0
CV-charge,1,464742.6286691401,72.72727272727273,8.2,50.33661695508725,12.590230779517682,12.77189618545611,12.422365761441448,12.552124228672016,33487.8969929825,14253.995710789311,6.375901431414003e-09,4.099717198432941,-0.0,33529.7578914787,14255.146231546085,6.3761558533457e-09,4.099460805552719,-0.0,33296.94033802521,14100.872016616331,6.361279058338e-09,4.100311447576682,-0.0,33341.94911353086,14158.734617620174,6.365528710765302e-09,4.1001566739977795,-0.0,33439.563722128645,14257.945116053746,6.376090282574221e-09,4.100282801567059,-0.0,33425.04297435298,14305.574683794623,6.378570959379637e-09,4.100539194447278,-0.0,33400.47275356742,13918.016194976455,6.352500668867729e-09,4.099688552423316,-0.0,33417.15984277457,13986.268943596733,6.357246091568847e-09,4.099843326002219,-0.0
CV-charge,2,464815.35594186734,145.45454545454547,8.199999999999996,48.33665299964476,12.088201414358275,12.26008077039476,11.933361993657437,12.055008821234281,33299.05679683759,14459.183105618322,6.376493481202169e-09,4.099721467215024,-0.0,33338.954342734214,14460.255887631045,6.376747743395098e-09,4.099468795112618,-0.0,33112.920100420415,14300.871224019933,6.361852587265767e-09,4.100307671584123,-0.0,33156.130709170124,14358.92213846135,6.366104347258075e-09,4.100155177265539,-0.0,33251.90728660788,14463.034885774361,6.376682176639351e-09,4.100278532784973,-0.0,33236.8167363848,14509.438097833525,6.37916086252549e-09,4.10053120488738,-0.0,33213.9188088185,14122.341224953465,6.353081096049736e-09,4.099692328415875,-0.0,33229.4939095979,14190.568497553844,6.357828281192807e-09,4.099844822734459,-0.0
CV-charge,3,464888.08321459463,218.1818181818182,8.2,46.45948526268312,11.617098424263864,11.779968338082265,11.474097253657696,11.588321246679287,33118.42893707231,14656.318834322801,6.377069096231245e-09,4.0997257301676076,-0.0,33156.48479160974,14657.2776628708,6.377323092802392e-09,4.099476873777768,-0.0,32936.8121999281,14493.121028569583,6.362410225897745e-09,4.100303540258541,-0.0,32978.3445969498,14551.306755253117,6.366663968874883e-09,4.100153326755061,-0.0,33072.41170774622,14660.07682010749,6.377257642841957e-09,4.100274269832391,-0.0,33056.811923172536,14705.262771237412,6.379734313178462e-09,4.100523126222233,-0.0,33035.38614324946,14318.749244414366,6.3536453188680895e-09,4.099696459741458,-0.0,33049.940130895244,14386.9048741442,6.358394159882819e-09,4.099846673244939,-0.0
CV-charge,4,464960.8104873219,290.90909090909093,8.2,44.689107704617626,11.172898343793817,11.327428633183725,11.04069105859166,11.148089669048431,32944.77233937441,14845.842933127129,6.377629190854264e-09,4.099729989489248,-0.0,32981.09059355614,14846.656221136365,6.377882826515797e-09,4.0994850348436245,-0.0,32767.418624040994,14678.038704145181,6.362952850302109e-09,4.100299083925595,-0.0,32807.37566349982,14736.31165098552,6.367208462042626e-09,4.100151155516676,-0.0,32899.84369101127,14849.510745928103,6.3778175949918075e-09,4.1002700105107515,-0.0,32883.78689151898,14893.49066626357,6.380292229058069e-09,4.100514965156374,-0.0,32863.66024935799,14507.666551995479,6.354194238234069e-09,4.099700916074405,-0.0,32877.27131183846,14575.709948403219,6.358944635226453e-09,4.099848844483324,-0.0
CV-charge,5,465033.53776004916,363.6363636363637,8.200000000000001,43.017549805838534,10.753589298049473,10.900387070210462,10.631229776187292,10.732343661391308,32777.66453736758,15028.195182622027,6.3781746561199995e-09,4.099734231650142,-0.0,32812.34087538035,15028.835562460863,6.378427845202564e-09,4.099493239579913,-0.0,32604.33754321192,14856.042070761972,6.363481315535795e-09,4.100294361042294,-0.0,32642.81349544833,14914.360129809344,6.367738691802162e-09,4.10014871486043,-0.0,32733.783418290408,15031.776234598692,6.378362923571173e-09,4.100265768349859,-0.0,32717.316588322425,15074.56308535638,6.380835504246396e-09,4.100506760420087,-0.0,32698.333764953033,14689.52000432292,6.3547287325156824e-09,4.099705638957707,-0.0,32711.072958456592,14757.415719053526,6.35948059683307e-09,4.09985128513957,-0.0
CV-charge,6,465106.26503277646,436.3636363636364,8.2,41.437754833825366,10.357389424180331,10.497006778517493,10.244019473587361,10.339339157540186,32616.743324725205,15203.772920417967,6.378706292404279e-09,4.099738444339549,-0.0,32649.866166459302,15204.216699562194,6.378958957924831e-09,4.099501452538147,-0.0,32447.224706140787,15027.508817835767,6.3639963903009645e-09,4.100289426480367,-0.0,32484.306391440692,15085.834709075485,6.3682554354467504e-09,4.100146052866555,-0.0,32573.870953780766,15207.270434690825,6.378894428572349e-09,4.100261555660451,-0.0,32557.03653364573,15248.878604813433,6.381364941973674e-09,4.100498547461852,-0.0,32539.05769886393,14864.695459491719,6.355249590870237e-09,4.099710573519633,-0.0,32550.989872547845,14932.412560282364,6.3600028402420395e-09,4.099853947133445,-0.0
CV-charge,7,465178.9923055037,509.0909090909091,8.2,39.94324485355917,9.982662948381826,10.115602544039225,9.87750426745335,9.967475093684763,32461.67469791469,15372.943071063868,6.379224835743178e-09,4.099742616901793,-0.0,32493.325909630963,15373.169786789289,6.379476908373938e-09,4.099509642452898,-0.0,32295.76241326132,15192.788015115357,6.364498782087422e-09,4.100284330461086,-0.0,32331.529924463994,15251.0887527509,6.368759408143803e-09,4.100143213665993,-0.0,32419.774387676644,15376.360096184613,6.3794128455651775e-09,4.1002573830982065,-0.0,32402.610770460265,15416.805130042305,6.381881280666674e-09,4.100490357547102,-0.0,32385.509977236954,15033.54953696343,6.3557575390028e-09,4.099715669538914,-0.0,32396.694401434746,15101.0610941072,6.360512097591817e-09,4.099856786334006,-0.0
CV-charge,8,465251.719578231,581.8181818181819,8.2,38.525636674067265,9.627295651752096,9.754002367326473,9.529661771565259,9.614676883423439,32311.889419940395,15536.329100437784,6.379731543707015e-09,4.099746747458465,-0.0,32342.141389777942,15536.3219326584,6.3799829637488405e-09,4.099517796412005,-0.0,32149.40501552016,15352.477400702377,6.364989705073737e-09,4.1002791092554105,-0.0,32183.928899492097,15410.725160221698,6.369251834900233e-09,4.100140232000491,-0.0,32270.928051293362,15539.66838833214,6.3799194315456624e-09,4.100253252541535,-0.0,32253.46840073831,15578.965959402409,6.382385780376732e-09,4.100482203587994,-0.0,32237.137438177317,15196.692902931982,6.356253817108216e-09,4.099720890744589,-0.0,32247.625829974975,15263.97660353548,6.3610096179371175e-09,4.099859767999508,-0.0
CV-charge,9,465324.4468509583,654.5454545454546,8.2,37.181925562861736,9.290526629478718,9.411419292242885,9.199775792889554,9.280203848250576,32167.35618963139,15693.966939301763,6.380226475731867e-09,4.099750821354039,-0.0,32196.279526513164,15693.710654303719,6.380477186651759e-09,4.099525877082105,-0.0,32008.12584761078,15506.607744153436,6.365469213319543e-09,4.1002738120947,-0.0,32041.474654099537,15564.776642126439,6.369732772248193e-09,4.100137148711714,-0.0,32127.300839672618,15697.231224805751,6.380414245861119e-09,4.100249178645959,-0.0,32109.576790933068,15735.398382110972,6.3828785022909116e-09,4.100474122917894,-0.0,32093.913049232448,15354.156992340782,6.3567384839521945e-09,4.0997261879053,-0.0,32103.75521076328,15421.192470985641,6.36149546305293e-09,4.099862851288286,-0.0
CV-charge,10,465397.1741236855,727.2727272727274,8.2,35.90703632194761,8.971074652066404,9.086535837303487,8.88662469572706,8.96280113685066,32027.804431140645,15846.153884461568,6.380710223289511e-09,4.099754832053716,-0.0,32055.464800238125,15845.635465667847,6.3809601741505206e-09,4.099533863959181,-0.0,31871.666812991785,15655.462674935628,6.365937876904284e-09,4.100268475639319,-0.0,31903.904019707476,15713.529887194274,6.370202796094446e-09,4.100133996345804,-0.0,31988.62387309592,15849.345760967102,6.380897879693554e-09,4.100245167946284,-0.0,31970.664143072212,15886.400092345139,6.383360039785988e-09,4.10046613604082,-0.0,31955.575160225475,15506.231569067615,6.3572121228040775e-09,4.0997315243606804,-0.0,31964.816758625086,15573.001273780854,6.361970221310202e-09,4.0998660036541965,-0.0
CV-charge,11,465469.9013964128,800.0000000000001,8.199999999999998,34.69629015602992,8.667758748004454,8.778138324616169,8.589081384510438,8.661311698898862,31892.98185037963,15993.166936536132,6.381183336470791e-09,4.099758774067036,-0.0,31919.440410124418,15992.375319716872,6.381432481378901e-09,4.09954173937718,-0.0,31739.787035995698,15799.306700523526,6.36639622644586e-09,4.100263132573353,-0.0,31770.971500348787,15857.252131089901,6.3706624423538315e-09,4.1001308040183995,-0.0,31854.646439002438,15996.288865646564,6.381370882874423e-09,4.100241225932962,-0.0,31836.4771251085,16032.248348225441,6.3838309446912625e-09,4.10045826062282,-0.0,31821.879578961103,15653.186861435111,6.357675276131861e-09,4.099736867426646,-0.0,31830.562536710757,15719.675736624422,6.362434439818928e-09,4.099869195981601,-0.0
CV-charge,12,465542.6286691401,872.7272727272727,8.2,33.54537707121961,8.379491230329542,8.485109576012855,8.306106787760779,8.374669477116436,31762.65317926659,16135.264367201098,6.381646327550061e-09,4.099762642833057,-0.0,31787.966978095923,16134.190207042968,6.3818946251635464e-09,4.0995494882319425,-0.0,31612.261695005716,15938.38666594731,6.366844756458741e-09,4.100257811858249,-0.0,31642.44806513745,15996.192651945454,6.3711122103617026e-09,4.10012759762545,-0.0,31725.13474410612,16138.31868764273,6.381833767445451e-09,4.100237357166942,-0.0,31706.779592403123,16173.201560702983,6.38429173086862e-09,4.1004505117680585,-0.0,31692.5983883339,15795.275053324247,6.358128449112352e-09,4.099742188141752,-0.0,31700.761236958962,15861.47025785177,6.3628886279875614e-09,4.09987240237455,-0.0
CV-charge,13,465615.35594186734,945.4545454545455,8.2,32.45032528453442,8.10526996103891,8.20642084086453,8.036742617930086,8.101891864700896,31636.598832280644,16272.687191806514,6.3820996742019994e-09,4.099766434608972,-0.0,31660.821165305886,16271.322656461372,6.382347087295001e-09,4.09955709770258,-0.0,31488.88077023304,16072.933126593505,6.367283928387062e-09,4.100252539034388,-0.0,31518.119855177938,16130.584175758204,6.371552565961068e-09,4.100124400097783,-0.0,31599.870579376064,16275.67612763805,6.382287010872883e-09,4.100233565391027,-0.0,31581.35122289639,16309.500785044356,6.384742877444903e-09,4.10044290229742,-0.0,31567.51867687098,15932.731686663086,6.3585721128015424e-09,4.099747460965612,-0.0,31575.196874147394,15998.622343686506,6.363333260693716e-09,4.0998755999022185,-0.0
CV-charge,14,465688.08321459463,1018.1818181818182,8.2,31.407469110790274,7.844170227468358,7.94112334498685,7.7801037510064095,7.84207178732866,31514.613542075655,16405.66067107448,6.382543822710496e-09,4.099770146362909,-0.0,31537.794269876216,16403.99926211463,6.3827903177848085e-09,4.099564556975658,-0.0,31369.447767439848,16203.161753179318,6.367714173643075e-09,4.100247336552298,-0.0,31397.78686846702,16260.644311567878,6.371983944583906e-09,4.100121231682893,-0.0,31478.649964203865,16408.58633918201,6.382731059252349e-09,4.10022985363709,-0.0,31459.986133787443,16441.371238654458,6.385184832031441e-09,4.100435443024341,-0.0,31446.441244875583,16065.777096790634,6.359006707296138e-09,4.099752663447703,-0.0,31453.66745772293,16131.354072902364,6.363768781576779e-09,4.099878768317105,-0.0
CV-charge,15,465760.8104873219,1090.909090909091,8.200000000000001,30.413436805270656,7.595341652181911,7.688345021577597,7.535375409430925,7.5943747220802225,31396.505660737006,16534.395084560674,6.3829791896754145e-09,4.099773775724348,-0.0,31418.691503281665,16532.43147597776,6.383224736608127e-09,4.0995718571200035,-0.0,31253.779075892206,16329.27404265881,6.368135895206272e-09,4.100242223902599,-0.0,31281.262292177515,16386.576284359897,6.3724067528780895e-09,4.100118110057057,-0.0,31361.282452035706,16537.259501788478,6.383166329014416e-09,4.100226224275653,-0.0,31342.492167689463,16569.023088770547,6.385618012439679e-09,4.100428142879997,-0.0,31329.17995354748,16194.61713873326,6.359432643418606e-09,4.099757776097401,-0.0,31335.984317441762,16259.872844772759,6.364195604711135e-09,4.099881889942942,-0.0
CV-charge,16,465833.53776004916,1163.6363636363637,8.2,29.465109307057794,7.35799775925958,7.447279718834981,7.301803312028804,7.358028516934429,31282.09573845404,16659.08729345467,6.383406165242219e-09,4.099777320850269,-0.0,31303.33053413939,16656.817192083286,6.3836507369745935e-09,4.099578990733598,-0.0,31141.70263094357,16451.458788970474,6.368549470691294e-09,4.100237218093687,-0.0,31168.371129262152,16508.570432288354,6.372821371824156e-09,4.100115050730772,-0.0,31247.589717954637,16661.892382983067,6.383593210150293e-09,4.100222679149732,-0.0,31228.689456089414,16692.653027060715,6.386042809922832e-09,4.100421009266401,-0.0,31215.560369142582,16319.444689763694,6.359850305899248e-09,4.099762781906312,-0.0,31221.970716320437,16384.372907050107,6.364614117787548e-09,4.099884949269227,-0.0
CV-charge,17,465906.26503277646,1236.3636363636365,8.2,28.55960768681656,7.131412786156389,7.217183859849739,7.078690732780271,7.132320308030159,31171.21569256467,16779.921656359216,6.383825115002895e-09,4.099780780397003,-0.0,31191.540633744124,16777.341678263037,6.384068687262267e-09,4.099585951863823,-0.0,31033.057139068784,16569.892937232034,6.368955254152897e-09,4.100232333758748,-0.0,31058.94939909183,16626.805080145165,6.37322815856274e-09,4.100112067144844,-0.0,31137.404732942003,16782.66925365688,6.384012068113262e-09,4.100219219602996,-0.0,31118.409576429116,16812.445195701934,6.386459591085148e-09,4.100414048136177,-0.0,31105.41897734712,16440.440522065415,6.36026005525455e-09,4.09976766624125,-0.0,31111.461043326886,16505.03624737268,6.36502468398848e-09,4.099887932855155,-0.0
CV-charge,18,465978.9923055037,1309.0909090909092,8.2,27.694271227925636,6.9149161322835155,6.997370685909429,6.865393291053007,6.916591118679683,31063.707942623667,16897.07098232745,6.3842363819506655e-09,4.099784153451648,-0.0,31083.16178847026,16894.178543806625,6.384478932999743e-09,4.099592735823513,-0.0,30927.691267746064,16684.742476501866,6.369353577940023e-09,4.1002275834111055,-0.0,30952.84330376556,16741.447450137144,6.373627448277899e-09,4.100109170889278,-0.0,31030.57090435735,16899.762840644442,6.384423245769996e-09,4.10021584654835,-0.0,31011.49467649368,16928.57214916694,6.386868699844086e-09,4.100407264176485,-0.0,30998.602361994952,16557.774214807167,6.3606622297147725e-09,4.099772416588892,-0.0,31004.299971401477,16622.033522746526,6.36542764408712e-09,4.099890829110722,-0.0
CV-charge,19,466051.719578231,1381.818181818182,8.2,26.86663910384446,6.707887717025981,6.787205443219659,6.6613145980222805,6.710231345576532,30959.424617716246,17010.697404075374,6.38464028825086e-09,4.099787439480248,-0.0,30978.043886820487,17007.490625533483,6.384881798662929e-09,4.099599339048808,-0.0,30825.46290219269,16796.163258655786,6.369744754379138e-09,4.100222977649249,-0.0,30849.908463736916,16852.654496726173,6.374019555902675e-09,4.10010637188017,-0.0,30926.941288227852,17013.33519952388,6.3848270651715116e-09,4.1002125605197515,-0.0,30907.796672442662,17041.195734904704,6.387270459209401e-09,4.10040066095119,-0.0,30894.966451579134,16671.60499072366,6.361057146970931e-09,4.099777022350751,-0.0,30900.341685478983,16735.52491153622,6.365823318027953e-09,4.099893628119831,-0.0
CV-charge,20,466124.4468509583,1454.5454545454547,8.2,26.07443364921917,6.509753741750449,6.586100992405607,6.465902277987351,6.512676637075761,30858.226830411248,17120.953177764994,6.385037136850173e-09,4.099790638281977,-0.0,30876.045975250727,17117.430798855537,6.385277589306351e-09,4.0996057589725154,-0.0,30726.238463864865,16904.301749195234,6.370129077307313e-09,4.100218525343839,-0.0,30750.009217384337,16960.57367160347,6.374404777675369e-09,4.100103678521496,-0.0,30826.377867749,17123.538514018157,6.385223829159298e-09,4.100209361718021,-0.0,30807.17651468514,17150.467899480856,6.387665172896429e-09,4.100394241027483,-0.0,30794.375828361055,16782.08248316772,6.36144510576342e-09,4.099781474656159,-0.0,30799.44917510121,16845.660894149336,6.3662120066748615e-09,4.099896321478503,-0.0
CV-charge,21,466197.1741236855,1527.2727272727275,8.200000000000001,25.31554768735433,6.319983474720951,6.393514471555883,6.278644965943979,6.323404775133511,30759.984350702445,17227.98104493448,6.385427212201311e-09,4.099793749938016,-0.0,30777.035920741375,17224.14234833856,6.385666591302981e-09,4.099611993889758,-0.0,30629.89261206914,17009.295358598476,6.3705068227458575e-09,4.1002142338225145,-0.0,30653.018310526793,17065.343265443913,6.3747833918254526e-09,4.100101097861271,-0.0,30728.751229271333,17230.5154577519,6.385613822090927e-09,4.100206250061985,-0.0,30709.50385500916,17256.53105688587,6.388053126056534e-09,4.100388006110242,-0.0,30696.703425875618,16889.347074625006,6.3618263865966055e-09,4.099785766177486,-0.0,30701.49392084368,16952.582601809245,6.3665939924869556e-09,4.0998989021387295,-0.0
CV-charge,22,466269.9013964128,1600.0000000000002,8.2,24.58802572449833,6.138084496948767,6.208942394454481,6.0990678011615085,6.141931031933568,30664.57437001138,17331.915589339213,6.385810782955338e-09,4.099796774795671,-0.0,30680.88915110397,17327.760335874318,6.386049075063747e-09,4.099618042897749,-0.0,30536.30706770475,17111.273733768085,6.3708782514956704e-09,4.100210108997421,-0.0,30558.815695739668,17167.09371472623,6.375155661196623e-09,4.100098635708856,-0.0,30633.93933405485,17334.40055045001,6.385997312529375e-09,4.1002032252043294,-0.0,30614.65580390786,17359.51944839509,6.38843458797843e-09,4.100381957102252,-0.0,30601.829336484352,16993.53121609218,6.362201254394791e-09,4.099789891002577,-0.0,30606.35468169046,17056.423150219383,6.36696954218314e-09,4.099901364291144,-0.0
CV-charge,23,466342.6286691401,1672.727272727273,8.2,23.890052801232525,5.963599876724245,6.031917726271712,5.926729774571588,5.967805423664977,30571.881129207715,17432.88364718034,6.3861881027692366e-09,4.099799713430815,-0.0,30587.48827286142,17428.412017624487,6.386425295857835e-09,4.099623905794298,-0.0,30445.37026648287,17210.35914053548,6.3712436098986705e-09,4.10020615551372,-0.0,30467.288174841116,17265.947992634472,6.375521834020025e-09,4.100096296761892,-0.0,30541.82714861227,17435.320567967217,6.386374554050882e-09,4.100200286569185,-0.0,30522.516553615347,17459.559556978544,6.388809812897584e-09,4.100376094205703,-0.0,30509.640459806546,17094.75981785586,6.362569959299671e-09,4.099793844486279,-0.0,30513.917133968345,17157.308038489973,6.367338907549785e-09,4.099903703238106,-0.0
CV-charge,24,466415.35594186734,1745.4545454545455,8.2,23.219943910100177,5.796105488590896,5.8620071118827415,5.761221206860477,5.800610102766065,30481.795533177938,17531.004732143818,6.386559411132725e-09,4.099802566615891,-0.0,30496.72267595649,17526.217275315998,6.3867954946515425e-09,4.099629582989777,-0.0,30356.97699824206,17306.66686146583,6.371603130625356e-09,4.100202376882613,-0.0,30378.32902778814,17362.022014819147,6.375882144714188e-09,4.100094084720194,-0.0,30452.30626170501,17533.394967127526,6.386745786070419e-09,4.100197433384109,-0.0,30432.976988156697,17556.77053597894,6.389179040827941e-09,4.100370417010223,-0.0,30420.030137082187,17193.150655899564,6.362932737486811e-09,4.0997976231173885,-0.0,30424.073496555186,17255.355563236608,6.367702326341057e-09,4.099905915279805,-0.0
CV-charge,25,466488.08321459463,1818.1818181818182,8.2,22.576133211580736,5.635207284023238,5.698808059680233,5.602161170090457,5.639956697786803,30394.21464903881,17626.391588331277,6.386924934448211e-09,4.099805335295824,-0.0,30408.488021002602,17621.289175248025,6.387159899201755e-09,4.099635075437725,-0.0,30271.027932870245,17400.305718333955,6.3719570337081926e-09,4.100198775595424,-0.0,30291.83752712374,17455.42516986455,6.376236814930811e-09,4.100092002385132,-0.0,30365.274385690904,17628.73643839126,6.3871112349222406e-09,4.1001946647041745,-0.0,30345.93417752978,17651.2647647197,6.3895424986468485e-09,4.100364924562275,-0.0,30332.89767055942,17288.81490567819,6.363289812230404e-09,4.099801224404573,-0.0,30336.722040492677,17350.677359941106,6.368060023254355e-09,4.099907997614865,-0.0
CV-charge,26,466560.8104873219,1890.909090909091,8.2,21.957164417072104,5.4805388576246035,5.54194643138003,5.449195187168735,5.485483940898736,30309.041273062972,17719.150666919984,6.387284886958039e-09,4.0998080205659155,-0.0,30322.685796749356,17713.734450199503,6.387518724993102e-09,4.099640384570859,-0.0,30187.429211276896,17491.37852238187,6.37230552742986e-09,4.100195353228314,-0.0,30207.718519013193,17546.26077647161,6.376586054452455e-09,4.100090051750698,-0.0,30280.63492617243,17721.451382290117,6.3874711147843794e-09,4.100191979434084,-0.0,30261.290941138835,17743.14832748371,6.389900401024203e-09,4.1003596154291415,-0.0,30248.147908836356,17381.85760211846,6.3636413948179465e-09,4.099804646771685,-0.0,30251.76666586643,17443.378869525764,6.3684122108960815e-09,4.099909948249303,-0.0
CV-charge,27,466633.53776004916,1963.6363636363637,8.2,21.361682018375145,5.33175922806404,5.3910741547327286,5.301993131883095,5.336855503695285,30226.18353256483,17809.38256438265,6.387639471590953e-09,4.099810623652038,-0.0,30239.22291343767,17803.653942285793,6.387872176096455e-09,4.099645512243919,-0.0,30106.092069019316,17579.982488671994,6.372648809135331e-09,4.100192110537216,-0.0,30125.882037924846,17634.626503983534,6.3769300620163335e-09,4.100088234085919,-0.0,30198.296586376156,17811.640347434546,6.3878256285269626e-09,4.100189376347962,-0.0,30178.955446651977,17832.521453680245,6.390252951273241e-09,4.10035448775608,-0.0,30165.69086530439,17472.378062927364,6.363987685386304e-09,4.0998078894627845,-0.0,30169.116512647353,17533.559767512597,6.368759090648872e-09,4.09991176591408,-0.0
CV-charge,28,466706.26503277646,2036.3636363636365,8.2,20.788423285454016,5.188550813876851,5.245867138321788,5.1602473111737,5.193758022081674,30145.55451951194,17897.18242572791,6.387988880740874e-09,4.099813145892933,-0.0,30158.011328719305,17891.143010288422,6.3882204459547905e-09,4.099650460682221,-0.0,30026.932489598792,17666.2096177199,6.3729870659756976e-09,4.100189047544049,-0.0,30046.24295184807,17720.614759502852,6.377269026066881e-09,4.100086550009832,-0.0,30118.173003060707,17899.398433563652,6.388174968488859e-09,4.100186854107065,-0.0,30098.840840966477,17919.47892270252,6.39060034213221e-09,4.1003495393177785,-0.0,30085.441366674848,17560.4702784856,6.3643288736884466e-09,4.099810952455951,-0.0,30088.685602386937,17621.314359101074,6.369100853382335e-09,4.099913449990169,-0.0
CV-charge,29,466778.9923055037,2109.0909090909095,8.2,20.23621096215538,5.050617586265739,5.10602336977963,5.0236707131231775,5.055899292986829,30067.071953092654,17982.640315816545,6.388333296980416e-09,4.099815588724368,-0.0,30078.967703273232,17976.2919045971,6.3885637181060705e-09,4.099655232435511,-0.0,29949.870884860626,17750.14704724823,6.3733204755957076e-09,4.100186163614878,-0.0,29968.72063540547,17804.31304454237,6.377603125450807e-09,4.100084999559495,-0.0,30040.182411197802,17984.81566268889,6.388519317191325e-09,4.10018441127563,-0.0,30020.86491048226,18004.110436589388,6.390942756480611e-09,4.100344767564488,-0.0,30007.318728970404,17646.223271202198,6.364665139798329e-09,4.0998138363851195,-0.0,30010.39250807776,17706.731943133924,6.369437680254314e-09,4.099915000440502,-0.0
CV-charge,30,466851.719578231,2181.818181818182,8.2,19.703946595837408,4.91768338262393,4.971261180409693,4.891995405639908,4.923006627163876,29990.657868716626,18065.841561541845,6.388672893717346e-09,4.099817953664954,-0.0,30002.01308352447,18059.186112589796,6.388902166846368e-09,4.099659830336352,-0.0,29874.831800169646,17831.877376616594,6.373649206763016e-09,4.100183457531106,-0.0,29893.23866844128,17885.804283823534,6.377932530054022e-09,4.1000835822518145,-0.0,29964.247334925345,18067.977321107617,6.388858847994258e-09,4.1001820463350445,-0.0,29944.94976810304,18086.500963304436,6.391280367998562e-09,4.100340169663648,-0.0,29931.24645865134,17729.7214269687,6.364996654757335e-09,4.099816542468894,-0.0,29934.16004974325,17789.897147656386,6.369769743278488e-09,4.099916417748183,-0.0
CV-charge,31,466924.4468509583,2254.545454545455,8.2,19.19060444261832,4.789490365971981,4.841317660778975,4.764971072103535,4.794825343763832,29916.238331165838,18146.86706739462,6.389007835798799e-09,4.099820242303361,-0.0,29927.072609109084,18139.90667703243,6.389235957841113e-09,4.0996642574626,-0.0,29801.74364224608,17911.478966292816,6.373973419949435e-09,4.100180927554028,-0.0,29819.724557887825,17965.167128635137,6.378257401389567e-09,4.100082297139851,-0.0,29890.294302493425,18148.964274816935,6.389193725699811e-09,4.100179757696638,-0.0,29871.02156465234,18166.73105320766,6.39161334177297e-09,4.100335742537402,-0.0,29857.151976692858,17811.044801098353,6.365323581171128e-09,4.099819072445972,-0.0,29859.91501354277,17870.890239501794,6.370097205992406e-09,4.09991770286015,-0.0
CV-charge,32,466997.1741236855,2327.2727272727275,8.2,18.695225895328456,4.665797616862911,4.715947213260924,4.64236367151927,4.671117393685349,29843.74316980938,18225.793606705516,6.389338280067925e-09,4.099822456286833,-0.0,29854.075242930365,18218.530489838162,6.389565248687158e-09,4.099668517103557,-0.0,29730.538427718235,17989.02621446152,6.374293267865665e-09,4.100178571483841,-0.0,29748.10948092515,18042.476236936523,6.378577893138664e-09,4.100081142863983,-0.0,29818.2535831418,18227.853260620966,6.389524107108893e-09,4.1001775437131665,-0.0,29799.010222578876,18244.877131024146,6.391941834856592e-09,4.100331482896443,-0.0,29784.966363687337,17890.269400926507,6.365646073757716e-09,4.099821428516157,-0.0,29787.587892373278,17949.787410147947,6.370420223964236e-09,4.099918857136014,-0.0
CV-charge,33,467069.9013964128,2400.0,8.2,18.216914386184225,4.54637984557358,4.594920228849878,4.5239542118571965,4.551660099903569,29773.10573400535,18302.69409064903,6.3896643758773125e-09,4.099824597310819,-0.0,29782.95352188004,18295.13056330152,6.389890189431763e-09,4.099672612729325,-0.0,29661.15155065896,18064.589812738286,6.374608895955842e-09,4.1001763867131915,-0.0,29678.328047613177,18117.802532172846,6.378894151650466e-09,4.100080117698639,-0.0,29748.058944034598,18304.71715500441,6.389850141533936e-09,4.100175402689179,-0.0,29728.849190044923,18321.01176543223,6.392265996783132e-09,4.100327387270674,-0.0,29714.624124172435,17967.467447050174,6.365964279853723e-09,4.099823613286808,-0.0,29717.11264614476,18026.66103985284,6.370738945334184e-09,4.099919882301359,-0.0
CV-charge,34,467142.6286691401,2472.727272727273,8.199999999999998,17.754830720662582,4.431026213515281,4.478021876756397,4.409537626304494,4.436245004086407,29704.26266696458,18377.637816907223,6.389986265562507e-09,4.099826667109575,-0.0,29713.643326456266,18369.776280734,6.390210923051191e-09,4.099676547962959,-0.0,29593.521567497308,18138.236982721286,6.374920442853907e-09,4.100174370276127,-0.0,29610.31808135806,18191.213442619282,6.379206316402688e-09,4.1000792195948925,-0.0,29679.647425538627,18379.62522267682,6.39017197127292e-09,4.100173332890423,-0.0,29660.475213651862,18395.20391817814,6.392585970043493e-09,4.10032345203704,-0.0,29646.06296858236,18042.70761499742,6.3662783398813584e-09,4.099825629723872,-0.0,29648.42648006549,18101.579941909386,6.3710535112603345e-09,4.099920780405107,-0.0
CV-charge,35,467215.35594186734,2545.4545454545455,8.200000000000001,17.30818880322646,4.319539253893693,4.365050996393291,4.298921743120787,4.324676809818688,29637.15369653264,18450.69069968602,6.390304084880393e-09,4.099828667447717,-0.0,29646.08366767067,18442.53362825204,6.390527585892915e-09,4.099680326555367,-0.0,29527.58999786075,18210.03169499443,6.375228040805286e-09,4.1001725188927916,-0.0,29544.020415717296,18262.773122878636,6.3795145204293095e-09,4.100078446219245,-0.0,29612.959133321197,18452.643346484678,6.3904897320470675e-09,4.100171332552284,-0.0,29593.82812823222,18467.5191744505,6.3929018905248586e-09,4.1003196734446306,-0.0,29579.22361135061,18116.05525896298,6.366588387780548e-09,4.099827481107207,-0.0,29581.469639420506,18174.609588697218,6.371364056382807e-09,4.099921553780754,-0.0
CV-charge,36,467288.08321459463,2618.1818181818185,8.2,16.876251719209087,4.211733882528353,4.255819082358447,4.1919263406576714,4.216772413664618,29571.72144146112,18521.91548267949,6.3906179634142265e-09,4.0998306001125195,-0.0,29580.216489806273,18513.465409292112,6.390840308085235e-09,4.0996839523623105,-0.0,29463.30114003673,18280.034872024917,6.375531816058304e-09,4.100170829010183,-0.0,29479.378706182342,18332.542659016202,6.379818890714999e-09,4.100077794989172,-0.0,29547.93704583439,18523.834240271335,6.390803553405655e-09,4.10016939988748,-0.0,29528.850662264616,18538.019956100008,6.3932138879184805e-09,4.100316047637689,-0.0,29514.049583826803,18187.572619103572,6.366894551408159e-09,4.099829170989817,-0.0,29516.185219485295,18245.812321028938,6.371670709206417e-09,4.099922205010826,-0.0
CV-charge,37,467360.8104873219,2690.909090909091,8.2,16.458328140599885,4.107436490669577,4.150149353916786,4.088382279889615,4.112360016123911,29507.911231896727,18591.371936373194,6.3909280249488e-09,4.099832466906937,-0.0,29515.986487690207,18582.631443311446,6.3911492139156085e-09,4.0996874293237004,-0.0,29400.60189984082,18348.304576296807,6.37583188922545e-09,4.100169296839512,-0.0,29416.339255699204,18400.580258700924,6.380119548561085e-09,4.100077263105631,-0.0,29484.52683592608,18593.257646085425,6.3911135591012e-09,4.100167533093062,-0.0,29465.488257621444,18606.765719124884,6.393522086095422e-09,4.100312570676301,-0.0,29450.48706079387,18257.319013729484,6.367196952907365e-09,4.099830703160487,-0.0,29452.51898931485,18315.247542194968,6.371973592476704e-09,4.099922736894367,-0.0
CV-charge,38,467433.53776004916,2763.636363636364,8.2,16.053769026531825,4.0064841123931645,4.047875901307297,3.988130707525362,4.011278305306002,29445.670942909455,18659.117040989317,6.39123438781835e-09,4.099834269643304,-0.0,29453.34093729578,18650.08874996775,6.391454422182151e-09,4.099690761444577,-0.0,29339.441631806672,18414.89618486356,6.3761283756199895e-09,4.1001679183902775,-0.0,29354.850852808628,18466.94142755895,6.380416609924409e-09,4.100076847582726,-0.0,29422.676705416405,18660.97051703626,6.391419867437075e-09,4.100165730356695,-0.0,29403.688902453327,18673.813136737375,6.393826603455999e-09,4.100309238555422,-0.0,29388.48469946622,18325.351017641373,6.367495709050736e-09,4.099832081609722,-0.0,29390.41922827269,18382.97189794332,6.37227282353101e-09,4.099923152417273,-0.0
CV-charge,39,467506.26503277646,2836.3636363636365,8.199999999999998,15.661964592034098,3.908723659861032,3.9488429019248454,3.891022323442052,3.9133757068061668,29384.950839997862,18725.20515624055,6.391537165229046e-09,4.099836010137559,-0.0,29392.229538565294,18715.891719974697,6.391756046519046e-09,4.099693952777945,-0.0,29279.77199170763,18479.862551438364,6.3764213855666246e-09,4.1001666895014734,-0.0,29294.864621376317,18531.679132887817,6.3807101857330655e-09,4.100076545274892,-0.0,29362.3372315665,18727.027186974745,6.391722591590023e-09,4.1001639898624385,-0.0,29343.402976139558,18739.21626917861,6.3941275532540005e-09,4.100306047222055,-0.0,29327.993489981127,18391.722627721076,6.367790931558009e-09,4.099833310498525,-0.0,29329.83657426659,18449.039443553385,6.372568514625771e-09,4.099923454725106,-0.0
CV-charge,40,467578.9923055037,2909.0909090909095,8.2,15.282341521150455,3.8140112203971857,3.8529039001109378,3.7969167067304497,3.818509693911883,29325.70343560075,18789.68817897083,6.391836465558771e-09,4.099837690204118,-0.0,29332.604269479052,18780.092273731596,6.3920541956988165e-09,4.099697007409049,-0.0,29221.546799483665,18543.254157010804,6.3767110246920166e-09,4.10016560587028,-0.0,29236.333880986298,18594.843955723132,6.38100038217807e-09,4.100076352901732,-0.0,29303.46122449763,18791.47952805294,6.392021839909619e-09,4.100162309795881,-0.0,29284.5831053269,18803.02672138237,6.3944250438973144e-09,4.100302992590947,-0.0,29268.966616446174,18456.485416806732,6.368082727391214e-09,4.099834394129718,-0.0,29270.723882751437,18513.50179902815,6.372860773203324e-09,4.099923647098266,-0.0
CV-charge,41,467651.719578231,2981.818181818182,8.2,14.914360402764062,3.7222114098767105,3.7599211448711083,3.7056816952216876,3.726546152794555,29267.883355740185,18852.615689647893,6.392132392635137e-09,4.099839311651051,-0.0,29274.41925045245,18842.74000868295,6.3923489739132206e-09,4.099699929441054,-0.0,29164.721911772915,18605.11924990115,6.376997394193472e-09,4.1001646630780755,-0.0,29179.214017133898,18656.48423221008,6.3812873009855484e-09,4.100076267070888,-0.0,29246.003594660968,18854.377097150646,6.3923177161964485e-09,4.100160688348948,-0.0,29227.1840301549,18865.293789446114,6.39471917922739e-09,4.100300070558945,-0.0,29211.35932770236,18519.688676778573,6.368371199028717e-09,4.099835336921923,-0.0,29213.03609563814,18576.40829337021,6.373149702208817e-09,4.099923732929112,-0.0
CV-charge,42,467724.4468509583,3054.545454545455,8.199999999999998,14.557513369525523,3.6331967774663254,3.669764980380258,3.6171928138140452,3.6373587978648945,29211.447215976747,18914.035088600653,6.392425045995163e-09,4.099840876275864,-0.0,29217.630618235442,18903.882336345654,6.392640481034343e-09,4.099702722982123,-0.0,29109.255103266783,18665.503976098244,6.3772805910901406e-09,4.100163856614506,-0.0,29123.46236046096,18716.6461851212,6.381571039670066e-09,4.1000762842987974,-0.0,29189.92122957702,18915.767272043195,6.392610319961432e-09,4.100159123724134,-0.0,29171.16247986442,18926.06459681539,6.395010058778302e-09,4.100297277017876,-0.0,29155.12881705786,18581.379551713504,6.368656444720438e-09,4.0998361433854935,-0.0,29156.73011931868,18637.806098795467,6.373435400287586e-09,4.099923715701203,-0.0
CV-charge,43,467797.1741236855,3127.2727272727275,8.2,14.211321922158085,3.546847257216087,3.582313284642727,3.5313327473763594,3.550828632922911,29156.353505954226,18973.991722808245,6.392714521124904e-09,4.099842385861621,-0.0,29162.196408573596,18963.564609788285,6.392928812858239e-09,4.099705392133539,-0.0,29055.105956216852,18724.45250062667,6.377560708453504e-09,4.10016318189935,-0.0,29069.038074305605,18775.374046285804,6.381851691769699e-09,4.100076401029899,-0.0,29135.1728791017,18975.695378134136,6.392899746665708e-09,4.100157614138378,-0.0,29116.47705704064,18985.38422099884,6.395297778023473e-09,4.10029460786646,-0.0,29100.234110266985,18641.603161876475,6.368938558725541e-09,4.099836818100648,-0.0,29101.764711107564,18697.740355684615,6.373717962133117e-09,4.0999235989701,-0.0
CV-charge,44,467869.9013964128,3200.0000000000005,8.2,13.875334923013158,3.4630496624273546,3.497450952086599,3.4479908543757865,3.466843454123417,29102.56248186384,19032.529003979183,6.393000909686329e-09,4.0998438421733425,-0.0,29108.0764469375,19021.830242337892,6.393214061332007e-09,4.099707940978969,-0.0,29002.23575745459,18782.007120644364,6.37783783563124e-09,4.100162634302557,-0.0,29015.902049933116,18832.710170651724,6.3821293470664176e-09,4.100076613654029,-0.0,29081.719048561557,19034.204806478403,6.393186087946495e-09,4.100156157826656,-0.0,29063.088129817705,19043.295811548443,6.395582428593453e-09,4.1002920590210294,-0.0,29046.635961132277,18700.402719269227,6.369217631533564e-09,4.099837365697442,-0.0,29048.10037342532,18756.254288981876,6.373997478655632e-09,4.099923386345971,-0.0
CV-charge,45,467942.6286691401,3272.727272727273,8.2,13.549126744341926,3.3816972191020684,3.4150694162899113,3.3670627177662436,3.385297391183704,29050.03606620115,19089.6885185995,6.393284299724489e-09,4.0998452469550015,-0.0,29055.23224669114,19078.72081818391,6.393496314763477e-09,4.099710373574744,-0.0,28950.607402348574,18838.20837091016,6.378112058443256e-09,4.100162209162654,-0.0,28964.01680885243,18888.695142613593,6.3824040917906595e-09,4.100076918522464,-0.0,29029.521899144926,19091.337123775997,6.393469431825352e-09,4.100154753044997,-0.0,29010.957731424194,19099.84069999215,6.395864098493013e-09,4.100289626425254,-0.0,28994.29675414552,18757.81963537145,6.369493750070657e-09,4.099837790837345,-0.0,28995.699255145842,18813.389316712826,6.374274037083054e-09,4.099923081477534,-0.0
CV-charge,46,468015.35594186734,3345.454545454546,8.2,13.232295558032177,3.3026891351255125,3.3350662093860057,3.288449729961364,3.3060904835592946,28998.737754274338,19145.510130565955,6.393564775864244e-09,4.099846601926585,-0.0,29003.626914132947,19134.276195505372,6.3937756580187936e-09,4.0997126939410595,-0.0,28900.18530518066,18893.095122192215,6.378383459375306e-09,4.100161901803306,-0.0,28913.346411680363,18943.367875213185,6.382676008812426e-09,4.1000773119624645,-0.0,28978.545154992913,19147.132174957595,6.393749862905053e-09,4.100153398073414,-0.0,28960.04946650742,19155.058502334945,6.3961428722933876e-09,4.100287306058941,-0.0,28943.180413618134,18813.893621684194,6.3697669978906955e-09,4.099838098196695,-0.0,28944.52505955258,18869.18515121623,6.3745477213387085e-09,4.099922688037536,-0.0
CV-charge,47,468088.08321459463,3418.1818181818185,8.2,12.924461754809585,3.2259302021449514,3.2573445550118647,3.212058709027092,3.229128288625677,28948.63252693853,19200.032076964617,6.3938424194920995e-09,4.099847908781588,-0.0,28953.225059883014,19188.534602694373,6.394052172706291e-09,4.099714906053967,-0.0,28850.935315438892,18946.70467315937,6.378652117754671e-09,4.100161707548747,-0.0,28863.856373047198,18996.765702728702,6.3829451778205985e-09,4.100077790290638,-0.0,28928.754016481424,19201.62817891517,6.394027462550106e-09,4.10015209121841,-0.0,28910.328423714353,19208.98721469531,6.396418831317064e-09,4.1002850939460345,-0.0,28893.25231883539,18868.662783606138,6.370037455357161e-09,4.0998382924512535,-0.0,28894.542958398928,18923.6798936407,6.374818612039424e-09,4.099922209709363,-0.0
CV-charge,48,468160.8104873219,3490.909090909091,8.2,12.625266482024735,3.1513304273849188,3.1818129919628526,3.1378015434825564,3.1543215191944065,28899.686769092466,19253.291057514372,6.394117308927606e-09,4.099849169184742,-0.0,28903.99271613236,19241.53272819813,6.39432593734972e-09,4.099717013838293,-0.0,28802.824639606297,18999.072836235988,6.378918109914107e-09,4.100161621737516,-0.0,28815.513582107797,19048.924467178098,6.383211675486994e-09,4.100078349825089,-0.0,28880.115079227846,19254.86181790876,6.394302309057776e-09,4.100150830815258,-0.0,28861.761094063633,19261.66330260545,6.396692053809125e-09,4.100282986161705,-0.0,28844.479224756968,18922.163708144617,6.370305199808642e-09,4.099838378262481,-0.0,28845.719511630756,18976.91012222174,6.375086786894133e-09,4.09992165017491,-0.0
CV-charge,49,468233.53776004916,3563.636363636364,8.200000000000001,12.334370290137564,3.0788046928999195,3.1083850259812156,3.065594863348377,3.0815857079080486,28851.868193508162,19305.322318154947,6.394389519581686e-09,4.099850384770023,-0.0,28855.897259330355,19293.305804456304,6.394597027546444e-09,4.099719021161155,-0.0,28755.82176802922,19050.234017874518,6.379181509351343e-09,4.100161639735137,-0.0,28768.2862282311,19099.878599165455,6.383475575628951e-09,4.100078986896465,-0.0,28832.59625839909,19306.868321107504,6.394574477818469e-09,4.100149615229978,-0.0,28814.315294672124,19313.1217844368,6.396962615098426e-09,4.100280978838844,-0.0,28796.829187883995,18974.431545924203,6.370570305718301e-09,4.099838360264862,-0.0,28798.022592334313,19028.910974787916,6.3753523205645536e-09,4.0999210131035335,-0.0
CV-charge,50,468306.26503277646,3636.3636363636365,8.2,12.051451878853365,3.0082724399789185,3.036978807319237,2.995359735262798,3.0108408962924114,28805.14576959341,19356.159729197498,6.3946591241063054e-09,4.09985155713892,-0.0,28808.907337885037,19343.887686372225,6.3948655161198746e-09,4.099720931826247,-0.0,28709.89640648557,19100.221293645438,6.379442386870172e-09,4.10016175694551,-0.0,28722.14373148454,19149.66119349619,6.383736949350458e-09,4.100079697857972,-0.0,28786.16671792191,19357.681542708113,6.394844041464087e-09,4.100148442861079,-0.0,28767.960097432806,19363.396309394317,6.3972305877442795e-09,4.1002790681737515,-0.0,28750.271496884212,19025.50008790354,6.370832844839424e-09,4.0998382430544895,-0.0,28751.421316530705,19079.716225933564,6.375615285081043e-09,4.099920302142027,-0.0
CV-charge,51,468378.9923055037,3709.0909090909095,8.2,11.776206934807691,2.939657376640625,2.9675168319712952,2.92702137973319,2.942011346462583,28759.489656735805,19405.83585845663,6.394926192535028e-09,4.0998526878588315,-0.0,28762.99280452928,19393.310924724636,6.395131473260095e-09,4.099722749568821,-0.0,28665.019412131584,19149.066478532484,6.379700810715327e-09,4.100161968821274,-0.0,28677.056677576114,19198.304079951005,6.383995865178352e-09,4.100080479094485,-0.0,28740.796804240184,19407.334035031,6.395111070007415e-09,4.100147312141168,-0.0,28722.66576229791,19412.51923048024,6.397496041679983e-09,4.100277250431177,-0.0,28704.776607658485,19075.40183719045,6.3710928863419795e-09,4.099838031178725,-0.0,28705.885977472186,19129.358359241105,6.375875749832596e-09,4.099919520905512,-0.0
CV-charge,52,468451.719578231,3781.818181818182,8.2,11.508347053278472,2.872887206333334,2.8999256646156355,2.8605089087014406,2.875025273628061,28714.871141884036,19454.38203971386,6.395190792412504e-09,4.0998537784618785,-0.0,28718.124652997318,19441.60683488104,6.395394966654883e-09,4.0997244780512,-0.0,28621.162733490368,19196.800192773437,6.379956846703004e-09,4.100162270873018,-0.0,28632.99675692119,19245.83788955034,6.384252389194645e-09,4.1000813270307335,-0.0,28696.45798429554,19455.857116948646,6.3953756309744755e-09,4.100146221538121,-0.0,28678.403674809866,19460.521672793908,6.39775904434208e-09,4.1002755219488,-0.0,28660.316082497942,19124.16807630219,6.371350496943382e-09,4.099837729126984,-0.0,28661.38798410081,19177.868634911065,6.3761337818057885e-09,4.099918672969267,-0.0
CV-charge,53,468524.4468509583,3854.545454545455,8.2,11.247598737186527,2.8078933761230327,2.83413568152018,2.7957550818196957,2.8098145977236206,28671.26258107502,19501.828436851596,6.3954529889180264e-09,4.099854830443632,-0.0,28674.274958713337,19488.80556116053,6.395656061613804e-09,4.099726120858836,-0.0,28578.299354207735,19243.451923562392,6.380210558338719e-09,4.100162658677673,-0.0,28589.93670753806,19292.29211665615,6.3845065851562295e-09,4.100082238138713,-0.0,28653.12278741121,19503.280937992102,6.395637789524827e-09,4.100145169556367,-0.0,28635.146287589396,19507.43359750154,6.39801966079525e-09,4.100273879141163,-0.0,28616.86253307024,19171.828930208434,6.371605741028387e-09,4.099837341322326,-0.0,28617.89980337996,19225.277153135346,6.376389445571812e-09,4.0999177618612865,-0.0
CV-charge,54,468597.1741236855,3927.2727272727275,8.2,10.993702467188998,2.7446108428083176,2.770080831793912,2.7326960799349984,2.746314712651771,28628.637344611077,19548.20410397344,6.3957128449796946e-09,4.099855845262302,-0.0,28631.416823194315,19534.936137150977,6.395914821184777e-09,4.099727681496947,-0.0,28536.403240303036,19289.05008291536,6.380462006929335e-09,4.10016312788595,-0.0,28547.85026151387,19337.69517717987,6.384758514604673e-09,4.100083208944228,-0.0,28610.76475082001,19549.634538440987,6.395897608569665e-09,4.100144154737697,-0.0,28592.867065487582,19553.28386178511,6.398277953847066e-09,4.100272318503052,-0.0,28574.38956694259,19218.413425442457,6.37185868076177e-09,4.09983687211405,-0.0,28575.394906222697,19271.612913504796,6.3766428034793476e-09,4.099916791055771,-0.0
CV-charge,55,468669.9013964128,4000.0000000000005,8.2,10.746411837236993,2.6829778555394306,2.7076984155374406,2.6712712944318637,2.684464271728258,28586.969765642258,19593.53704178582,6.395970421384887e-09,4.099856824337955,-0.0,28589.524321913672,19580.026542270887,6.396171306261679e-09,4.099729163387664,-0.0,28495.44929067214,19333.622061955557,6.380711251689229e-09,4.100163674228881,-0.0,28506.7120947705,19382.074463199926,6.38500823697603e-09,4.100084236032866,-0.0,28569.358368568675,19594.945905682245,6.396155148877094e-09,4.100143175662043,-0.0,28551.540434158822,19598.10027506408,6.398533984158267e-09,4.100270836612335,-0.0,28532.871737402613,19263.949545567153,6.372109376196306e-09,4.099836325771117,-0.0,28533.847716763805,19316.903870746926,6.376893915801801e-09,4.0999157639671315,-0.0
CV-charge,56,468742.6286691401,4072.727272727273,8.200000000000001,10.50549275043704,2.622935753632946,2.64692887753585,2.6114231311990026,2.6242049880692417,28546.23509190567,19637.854250513592,6.396225776879605e-09,4.099857769051889,-0.0,28548.572455373458,19624.103754839984,6.3964255756881186e-09,4.099730569867585,-0.0,28455.413290619384,19377.194281883418,6.380958349836765e-09,4.10016429352373,-0.0,28466.497779918598,19425.45639421581,6.385255809698261e-09,4.10008531605516,-0.0,28528.879043554236,19639.24202709213,6.396410469175316e-09,4.100142230948112,-0.0,28511.141731790027,19641.90965173963,6.398787810342275e-09,4.100269430132415,-0.0,28492.28449635244,19308.46428324001,6.3723578853713165e-09,4.099835706476268,-0.0,28493.233564739672,19361.176987032046,6.377142840664897e-09,4.09991468394484,-0.0
CV-charge,57,468815.35594186734,4145.454545454546,8.2,10.270722670533248,2.564428778411486,2.58771561529671,2.553096828068988,2.5654814487560627,28506.40944041189,19681.18177957807,6.396478968264952e-09,4.099858680746228,-0.0,28508.537103171697,19667.193801898775,6.396677686352646e-09,4.099731904185798,-0.0,28416.27186819945,19419.792241841693,6.381203356690029e-09,4.100164981678965,-0.0,28427.183741972585,19467.866465283903,6.385501288286513e-09,4.100086445731209,-0.0,28489.30304250074,19682.548939699074,6.396663626247906e-09,4.100141319253771,-0.0,28471.6471637901,19684.73786071791,6.399039489062417e-09,4.100268095814201,-0.0,28452.604150045692,19351.983689122844,6.372604264407457e-09,4.099835018321033,-0.0,28453.52864076584,19404.45828109881,6.377389634422963e-09,4.09991355426879,-0.0
CV-charge,58,468888.08321459463,4218.181818181819,8.2,10.04188992470908,2.5074038979606192,2.530004800306875,2.4962402847252,2.5082409417163865,28467.469754863265,19723.544774269092,6.396730050486075e-09,4.09985956072361,-0.0,28469.394980850942,19709.32180600912,6.396927693279888e-09,4.0997331695022785,-0.0,28378.002453191548,19461.440563907694,6.3814463257526076e-09,4.100165734698767,-0.0,28388.747216738004,19509.329292246584,6.385744726431874e-09,4.100087621854739,-0.0,28450.60745363971,19724.89177682976,6.396914675023457e-09,4.100140439276389,-0.0,28433.033760218663,19726.60987191728,6.3992890751221695e-09,4.100266830497722,-0.0,28413.807817501747,19394.53291783915,6.372848567594337e-09,4.099834265301232,-0.0,28414.709954311864,19446.77287441192,6.377634351482467e-09,4.099912378145263,-0.0
CV-charge,59,468960.8104873219,4290.909090909091,8.2,9.81879305378449,2.451810643836318,2.473745211496605,2.440803904099646,2.4524332943519207,28429.39376563298,19764.96751961911,6.396979076717686e-09,4.0998604102470555,-0.0,28431.123599338578,19750.512029230198,6.397175649714455e-09,4.09973436888672,-0.0,28340.58323851615,19502.163035393463,6.381687308797628e-09,4.100166548686757,-0.0,28351.166211689928,19549.86865424893,6.385986176081413e-09,4.1000888412965395,-0.0,28412.77014694391,19766.29481196215,6.3971636686598846e-09,4.100139589752945,-0.0,28395.279335778534,19767.549799984194,6.399536621550525e-09,4.100265631113281,-0.0,28375.873391387635,19436.13627118983,6.373090847474378e-09,4.099833451313243,-0.0,28376.755294189526,19488.14503455318,6.3778770445459795e-09,4.099911158703461,-0.0
CV-charge,60,469033.53776004916,4363.636363636364,8.2,9.601240206205095,2.3976009587939098,2.418888079979169,2.3867404444167923,2.3980107230152243,28392.159952117065,19805.47348165642,6.3972260984431884e-09,4.099861230539899,-0.0,28393.70122680816,19790.787914477627,6.397421607202705e-09,4.099735505317659,-0.0,28303.99314393819,19541.982648636764,6.381926355944483e-09,4.100167419849141,-0.0,28314.41946916791,19589.50753373513,6.386225687521173e-09,4.100090101007435,-0.0,28375.769736713777,19806.781499959103,6.397410658624319e-09,4.100138769460101,-0.0,28358.362452190264,19807.58094539692,6.399782179681507e-09,4.1002644946823406,-0.0,28338.77950122125,19476.817238810727,6.373331154921113e-09,4.099832580150859,-0.0,28339.643191379768,19528.5982160351,6.37811776460616e-09,4.099909898992564,-0.0
CV-charge,61,469106.26503277646,4436.363636363637,8.2,9.389048572550848,2.3447290547215665,2.3653869442141673,2.334004881073191,2.3449276925419227,28355.74750731347,19845.085346227956,6.397471165529781e-09,4.099862022785868,-0.0,28357.106852794146,19830.172124422414,6.397665615667129e-09,4.099736581681927,-0.0,28268.211781897637,19580.92163845644,6.382163515731348e-09,4.100168344497388,-0.0,28278.486431743302,19628.268154075253,6.386463309444641e-09,4.100091398020793,-0.0,28339.585546376922,19846.37451587567,6.397655694767429e-09,4.100137977214132,-0.0,28322.262382790537,19846.725833133954,6.400025799227891e-09,4.100263418318075,-0.0,28302.505478733536,19516.598536430745,6.373569539212209e-09,4.099831655502612,-0.0,28303.352884059503,19568.1550987103,6.378356561045209e-09,4.099908601979207,-0.0
CV-charge,62,469178.9923055037,4509.09090909091,8.2,9.182043857527509,2.293151280011891,2.3131975148154886,2.2825542776311525,2.2931407850689762,28320.136304468604,19883.82505554291,6.3977143262991094e-09,4.09986278812929,-0.0,28321.320154412915,19868.68657811696,6.397907723477245e-09,4.099737600774405,-0.0,28233.219425330422,19619.00151742106,6.3823988351848845e-09,4.100169319050332,-0.0,28243.34720960674,19666.172015005646,6.3866990890263494e-09,4.100092729454552,-0.0,28304.197575347265,19885.095791481188,6.3978988253951285e-09,4.1001372118707105,-0.0,28286.9590792089,19885.00624906982,6.40026752835505e-09,4.100262399225595,-0.0,28267.031325246666,19555.502141909306,6.373806048099934e-09,4.099830680949666,-0.0,28267.86428465997,19606.83762392817,6.378593481736612e-09,4.0999072705454465,-0.0
CV-charge,63,469251.719578231,4581.818181818182,8.2,8.980059786679263,2.242825995669452,2.2622775482847057,2.232347665260458,2.2426085774646456,28285.306865664134,19921.71384259354,6.397955627593165e-09,4.099863527675316,-0.0,28286.32146454486,19906.352485478063,6.398147977517359e-09,4.099738565298167,-0.0,28198.996977355368,19656.24310907488,6.382632359885716e-09,4.1001703400357545,-0.0,28208.982549839777,19703.239926001,6.386933071986742e-09,4.100094092512958,-0.0,28269.58646780406,19922.96654966471,6.398140097333712e-09,4.1001364723246825,-0.0,28252.43313998489,19922.443274251313,6.400507413745682e-09,4.1002614347018325,-0.0,28232.33768093935,19593.549329179812,6.374040727876771e-09,4.099829659964246,-0.0,28233.157948840395,19644.667028601136,6.378828573088395e-09,4.099905907487042,-0.0
CV-charge,64,469324.4468509583,4654.545454545455,8.2,8.782937645286383,2.193713459519078,2.2125867290189105,2.1833459300017717,2.1932915267466218,28251.240332207355,19958.77226359119,6.398195114837972e-09,4.099864242490358,-0.0,28252.09174185996,19943.19037977857,6.3983864232499836e-09,4.099739477864653,-0.0,28165.52594268887,19692.666579263794,6.3828641340283e-09,4.100171404091662,-0.0,28175.37380746605,19739.49203773242,6.3871653026515375e-09,4.10009548448768,-0.0,28235.733483273067,19960.007336858023,6.3983795559941484e-09,4.100135757509642,-0.0,28218.665780992073,19959.057317194776,6.400745500664237e-09,4.100260522135346,-0.0,28198.405795874773,19630.760700246075,6.374273623435016e-09,4.099828595908339,-0.0,28199.21504624132,19681.663877303108,6.379061880096942e-09,4.0999045155123195,-0.0
CV-charge,65,469397.1741236855,4727.272727272728,8.2,8.590525847119196,2.1457757179242725,2.1640865589892275,2.1355117073037166,2.1451518629019803,28217.918436720247,19995.020228544287,6.398432832103317e-09,4.099864933602463,-0.0,28218.612542558443,19979.22014827366,6.398623104775208e-09,4.099740340994259,-0.0,28132.78840069693,19728.29146565892,6.383094200481199e-09,4.100172507967,-0.0,28142.502918142072,19774.94787171985,6.387395824013717e-09,4.100096902758892,-0.0,28202.620468885594,19996.238053596157,6.398617245430633e-09,4.100135066397536,-0.0,28185.638807561852,19994.86814432376,6.400981833016884e-09,4.100259659005741,-0.0,28165.217502677,19667.156215357285,6.374504778328519e-09,4.099827492033,-0.0,28166.017332912976,19717.84809253546,6.379293446392292e-09,4.099903097241106,-0.0
CV-charge,66,469469.9013964128,4800.0,8.2,8.402679530880748,2.098976504474387,2.116740254528663,2.0888092832962433,2.0981534885814526,28185.32347680684,20030.47703009926,6.39866882215747e-09,4.099865602001886,-0.0,28185.8659937129,20014.461061087666,6.398858064886868e-09,4.099741157117122,-0.0,28100.76697996199,19763.1367056285,6.383322600839664e-09,4.100173648522048,-0.0,28110.35237240291,19809.62634830944,6.387624677786744e-09,4.100098344795709,-0.0,28170.229833214013,20031.67798334743,6.398853208397192e-09,4.100134397998113,-0.0,28153.334588189024,20029.894908679584,6.4012164534060825e-09,4.100258842882878,-0.0,28132.755190746495,19702.75522147072,6.374734234826253e-09,4.099826351477952,-0.0,28133.547125297588,19753.23898327718,6.379523314331162e-09,4.099901655204292,-0.0
CV-charge,67,469542.6286691401,4872.727272727273,8.2,8.21926018239897,2.0532811451442208,2.070512649733562,2.0432045023424785,2.05226188517871,28153.438290203176,20065.16137075918,6.398903126521948e-09,4.099866248641689,-0.0,28153.834768119556,20048.931798462465,6.399091345126753e-09,4.09974192857407,-0.0,28069.444834281298,19797.220662531083,6.383549375479014e-09,4.100174822728525,-0.0,28078.905191347938,19843.54581307602,6.38785190445666e-09,4.1000998081566316,-0.0,28138.544521579406,20066.345819716025,6.399087486400409e-09,4.100133751358311,-0.0,28121.736029722048,20064.15617700695,6.401449403185966e-09,4.10025807142593,-0.0,28101.001781932944,19737.576479120202,6.374962033963828e-09,4.099825177271476,-0.0,28101.78727568118,19787.85527192731,6.3797515250348074e-09,4.099900191843368,-0.0
CV-charge,68,469615.35594186734,4945.454545454546,8.2,8.040135280718607,2.0086564694622275,2.0253701059964033,1.9986646804106245,2.0074440248493524,28122.24623131591,20099.09138857879,6.399135785520055e-09,4.0998668744383355,-0.0,28122.502060558207,20082.65047648498,6.399322985834276e-09,4.099742657617626,-0.0,28038.805619998464,19830.561150551122,6.3837745636034595e-09,4.100176027669249,-0.0,28048.14490369135,19876.72406174471,6.388077543332944e-09,4.100101290489443,-0.0,28107.54799273234,20100.259692128417,6.399320119749755e-09,4.100133125561663,-0.0,28090.826553935887,20097.66995532318,6.401680722510852e-09,4.100257342382373,-0.0,28069.94070754908,19771.638187789544,6.375188215594105e-09,4.09982397233075,-0.0,28070.72114900885,19821.71511974285,6.3799781184317334e-09,4.0998987095105575,-0.0
CV-charge,69,469688.08321459463,5018.181818181819,8.2,7.8651779664475665,1.9650707272754837,1.9812804272525153,1.955158523869938,1.9636682880496295,28091.731149060408,20132.284681431684,6.399366838325646e-09,4.099867480272423,-0.0,28091.851565364177,20115.634671382428,6.399553026194847e-09,4.099743346413517,-0.0,28008.83347458578,19863.17545815843,6.383998203292743e-09,4.1001772605376035,-0.0,28018.055524077532,19909.178363735027,6.388301632594555e-09,4.100102789531014,-0.0,28077.22419683172,20133.437190083303,6.399551147604577e-09,4.100132519727577,-0.0,28060.590075420616,20130.453713063056,6.401910450384832e-09,4.1002566535864835,-0.0,28039.555886660404,19804.958009873873,6.37541281843453e-09,4.099822739462398,-0.0,28040.33260098958,19854.836150865573,6.380203133297099e-09,4.099897210468987,-0.0
CV-charge,70,469760.8104873219,5090.909090909091,8.2,7.694266730794303,1.9224935107175922,1.9382127805263616,1.912656053337198,1.9209043862131507,28061.877365918786,20164.75832994229,6.399596323007363e-09,4.099868066989408,-0.0,28061.8674552438,20147.901442468356,6.399781504284351e-09,4.099743997041896,-0.0,27979.512996401012,19895.08037027852,6.3842203315444195e-09,4.10017851863677,-0.0,27988.62153259097,19940.92548441039,6.388524209333129e-09,4.100104303106784,-0.0,28047.55755463581,20165.89538608155,6.399780608019529e-09,4.100131933010591,-0.0,28031.0109806709,20162.524405891538,6.402138624704699e-09,4.100256002958104,-0.0,28009.831705568216,19837.553093334016,6.375635880108606e-09,4.0998214813632305,-0.0,28010.60595739699,19887.23547502557,6.3804266073235455e-09,4.099895696893217,-0.0
CV-charge,71,469833.53776004916,5163.636363636364,8.2,7.527285123880619,1.8808956810119652,1.896137621427407,1.8711285322225326,1.8791232892187137,28032.66965813611,20196.528919168577,6.3998242765712735e-09,4.0998686354004485,-0.0,28032.53436124508,20179.467353842014,6.400008457113078e-09,4.099744611499023,-0.0,27950.82922555148,19926.292189258405,6.384440984317928e-09,4.100179799378486,-0.0,27959.82785538296,19971.98170610867,6.388745309597384e-09,4.100105829130131,-0.0,28018.532937821557,20197.65085728883,6.400008537987131e-09,4.100131364599551,-0.0,28002.074108332752,20193.898497268157,6.402365282305533e-09,4.100255388500975,-0.0,27980.752998399537,19869.440093114194,6.375857437190833e-09,4.0998202006215125,-0.0,27981.525994507796,19918.929709002863,6.3806485771600244e-09,4.099894170869867,-0.0
CV-charge,72,469906.26503277646,5236.363636363637,8.2,7.364121481027593,1.8402492998030227,1.8550266242482136,1.830548399661598,1.838297157314759,28004.093237,20227.612559099358,6.400050735001046e-09,4.099869186283144,-0.0,28003.837353816576,20210.348494902777,6.400233920665422e-09,4.09974519169895,-0.0,27922.76762578044,19956.82675469112,6.384660196572603e-09,4.100181100281961,-0.0,27931.659846344348,20002.362848032943,6.388964968431041e-09,4.100107365601472,-0.0,27990.135650380307,20228.71970602892,6.400234973477843e-09,4.100130813716857,-0.0,27973.764730521718,20224.59197883543,6.402590458998662e-09,4.100254808301049,-0.0,27952.30502875706,19900.635191397054,6.376077525244363e-09,4.099818899718039,-0.0,27953.0779205938,19949.934996937154,6.380869078417259e-09,4.099892634398528,-0.0
CV-charge,73,469978.9923055037,5309.09090909091,8.2,7.204668665775182,1.800527564677324,1.8148526163509373,1.790889207536817,1.7983992772101052,27976.13373111245,20258.024904056914,6.400275733297033e-09,4.099869720382475,-0.0,27975.761924891394,20240.560499754578,6.400457929938382e-09,4.099745739475174,-0.0,27895.314067340856,19986.69946218468,6.384878002305566e-09,4.10018241897213,-0.0,27904.103269771815,20032.08428507449,6.389183219911033e-09,4.100108910607153,-0.0,27962.351411004227,20259.117579175767,6.400459949478665e-09,4.100130279617524,-0.0,27946.06853513741,20254.620389706382,6.402814189611479e-09,4.1002542605248244,-0.0,27924.473472342674,19931.154116775695,6.376296178860001e-09,4.099817581027869,-0.0,27925.247358408607,19980.267029523344,6.381088145727317e-09,4.0998910893928455,-0.0
CV-charge,74,470051.719578231,5381.818181818182,8.200000000000001,7.048823828536219,1.7617047486231958,1.7755895165583662,1.7521255613125262,1.7594040020421315,27948.777169622743,20287.7811710548,6.400499305511584e-09,4.099870238411554,-0.0,27948.293970921368,20270.118565578505,6.4006805189788465e-09,4.099746256582623,-0.0,27868.454810763582,20015.9252811235,6.385094434587419e-09,4.100183753178144,-0.0,27877.144283947684,20061.160965629093,6.389400097183676e-09,4.100110462318331,-0.0,27935.16633641644,20288.85968650542,6.4006835000290784e-09,4.100129761588447,-0.0,27918.971609139055,20283.998834727536,6.403036508023603e-09,4.100253743417377,-0.0,27897.2444005133,19961.012162402887,6.376513431691251e-09,4.099816246821856,-0.0,27898.020328613453,20009.94106220095,6.381305812800953e-09,4.099889537681668,-0.0
CV-charge,75,470124.4468509583,5454.545454545455,8.2,6.896488179832944,1.723756143142424,1.7372122772811824,1.7142330644377144,1.721286694971622,27922.009966331556,20316.896157191928,6.400721484784317e-09,4.099870741052696,-0.0,27921.419776818344,20299.03747001853,6.400901720917449e-09,4.099746744699538,-0.0,27842.17649149343,20044.518771494135,6.385309525596067e-09,4.100185100731542,-0.0,27850.76942559764,20089.60742846339,6.389615632498166e-09,4.100112018989509,-0.0,27908.566925587656,20317.960818075037,6.400905658255777e-09,4.1001292589473035,-0.0,27892.460422698,20312.742001756844,6.4032574472016915e-09,4.100253255300461,-0.0,27870.604264704794,19990.22420317622,6.376729316488503e-09,4.0998148992684555,-0.0,27871.38323407256,20038.971932369786,6.3815221124424544e-09,4.09988798101049,-0.0
CV-charge,76,470197.1741236855,5527.272727272728,8.2,6.747566777162297,1.686658004792933,1.6996968301273838,1.6771882660736577,1.6840236761683238,27895.818904650187,20345.38425612201,6.400942303374325e-09,4.099871228958151,-0.0,27895.126000738204,20327.331587660985,6.401121568001928e-09,4.099747205429445,-0.0,27816.466105328036,20072.494099825297,6.385523306648812e-09,4.100186459564161,-0.0,27824.96559516465,20117.43781870395,6.389829857240022e-09,4.100113578957089,-0.0,27882.540044774953,20346.43536069069,6.401126456405442e-09,4.100128771041848,-0.0,27866.521814186286,20340.86417804363,6.403477039231943e-09,4.1002527945705545,-0.0,27844.53988166409,20018.804712026536,6.376943865131317e-09,4.099813540435837,-0.0,27845.322844982788,20067.374075700845,6.381737076568036e-09,4.099886421042907,-0.0
CV-charge,77,470269.9013964128,5600.000000000001,8.2,6.601968324593113,1.6503875049160515,1.663020034779981,1.6409686119436915,1.6475921729533884,27870.191123322762,20373.25947366868,6.401161792691662e-09,4.099871702751174,-0.0,27869.399659663486,20355.014905643242,6.4013400916283695e-09,4.099747640303246,-0.0,27791.310994618754,20099.865054301,6.38573580823242e-09,4.100187827706061,-0.0,27799.720042842986,20144.665902981473,6.390042801960042e-09,4.100115140637816,-0.0,27857.072913346554,20374.29731351197,6.401345925875747e-09,4.100128297248825,-0.0,27841.14297595678,20368.379265741918,6.40369531535152e-09,4.100252359696752,-0.0,27819.03841946321,20046.767775356075,6.377157108659026e-09,4.099812172293939,-0.0,27819.826284771763,20095.16154159782,6.381950736245448e-09,4.099884859362183,-0.0
CV-charge,78,470342.6286691401,5672.727272727273,8.2,6.459604984263776,1.6149226823611427,1.6271596309102303,1.6055523980830284,1.6119702729093741,27845.11410290383,20400.535442628272,6.401379983326976e-09,4.099872163026857,-0.0,27844.22811572742,20382.101038455086,6.401557322371109e-09,4.099748050781259,-0.0,27766.698835172676,20126.64505908521,6.385947060032497e-09,4.100189203283359,-0.0,27775.02035534254,20171.305083796782,6.390254496405157e-09,4.100116702527051,-0.0,27832.153090335854,20401.560302848968,6.401564097245161e-09,4.100127836973141,-0.0,27816.31144085111,20395.300796622043,6.403912305978459e-09,4.100251949218741,-0.0,27794.087384222883,20074.12710767499,6.37736907729985e-09,4.09981079671664,-0.0,27794.881016729596,20122.348007850902,6.382163121744774e-09,4.099883297472948,-0.0
CV-charge,79,470415.35594186734,5745.454545454546,8.2,6.320392199036221,1.5802423990012593,1.5920941929490924,1.5709187273254712,1.5771368797604,27820.575652922736,20427.225436813962,6.401596905079339e-09,4.099872610353108,-0.0,27819.59906324991,20408.603241978002,6.401773290010659e-09,4.0997484382553795,-0.0,27742.617623838963,20152.847187919804,6.386157090961344e-09,4.10019058451586,-0.0,27750.85444333365,20197.368413145035,6.390464969545505e-09,4.100118263196986,-0.0,27807.76846168864,20428.237596199266,6.401781000300707e-09,4.10012738964689,-0.0,27792.015069410776,20421.641946025262,6.404128040740403e-09,4.100251561744619,-0.0,27769.674607524,20100.896065491364,6.377579800498962e-09,4.099809415484138,-0.0,27770.47483132609,20148.946794547388,6.382374262546393e-09,4.099881736803014,-0.0
CV-charge,80,470488.08321459463,5818.181818181819,8.2,6.184248525555345,1.5463262978643735,1.5578030875187954,1.537047468334864,1.5430716718373132,27796.563899700082,20453.342384382326,6.401812586983302e-09,4.099873045271573,-0.0,27795.50051642881,20434.534426803755,6.401988023561136e-09,4.099748804051141,-0.0,27719.05566671629,20178.484177024213,6.386365929184381e-09,4.10019196971474,-0.0,27727.210529522148,20222.868605445678,6.390674249600924e-09,4.100119821294803,-0.0,27783.907228157877,20454.34211557021,6.401996664065307e-09,4.100126954728426,-0.0,27768.24203773333,20447.415546102453,6.404342548500426e-09,4.100251195948859,-0.0,27745.78823445759,20127.087660491296,6.377789306944831e-09,4.099808030285262,-0.0,27746.59583417003,20174.97087726341,6.3825841873698675e-09,4.099880178705199,-0.0
CV-charge,81,470560.8104873219,5890.909090909091,8.2,6.051095477099952,1.5131547637184493,1.5242664333645362,1.5039192170305613,1.5097550629864043,27773.067274787616,20478.898880486242,6.402027057334524e-09,4.0998734682985445,-0.0,27771.920797658328,20459.90717088121,6.4022015512958435e-09,4.099749149429908,-0.0,27696.001567960648,20203.568437347905,6.386573602144421e-09,4.100193357280024,-0.0,27704.077137340893,20247.81804981476,6.390882364066649e-09,4.10012137554069,-0.0,27760.557893811136,20479.886450121587,6.402211116823146e-09,4.100126531701454,-0.0,27744.980825949016,20472.6340983814,6.404555857383424e-09,4.1002508505700925,-0.0,27722.416712273396,20152.714572052264,6.377997624594029e-09,4.099806642719975,-0.0,27723.232434584577,20200.43289959401,6.382792924194449e-09,4.099878624459309,-0.0
CV-charge,82,470633.53776004916,5963.636363636364,8.2,5.920857375558696,1.4807088859438895,1.4914650636221787,1.4715152602530281,1.4771681657395999,27750.074503974804,20503.90719929293,6.4022403437141045e-09,4.099873879925953,-0.0,27748.84852643005,20484.733731523964,6.402413900771508e-09,4.099749475591025,-0.0,27673.444219150144,20228.11206620339,6.386780136586319e-09,4.1001947456981505,-0.0,27681.443080192403,20272.22882173224,6.391089339736474e-09,4.100122924726027,-0.0,27737.70925511332,20504.882868181052,6.402424386143847e-09,4.100126120074046,-0.0,27722.220207273345,20497.30978570127,6.404767994800604e-09,4.100250524408975,-0.0,27699.548779603192,20177.789159135853,6.3782047806960174e-09,4.099805254301849,-0.0,27700.373334749744,20225.34518505012,6.3830005002923464e-09,4.099877075273972,-0.0
CV-charge,83,470706.26503277646,6036.363636363637,8.2,5.79346121201155,1.448970423566042,1.4593804902804908,1.439817541533239,1.4452927566317777,27727.57459685687,20528.379305402857,6.402452473011744e-09,4.099874280622203,-0.0,27726.27260879053,20509.026056819825,6.402625098851957e-09,4.099749783674002,-0.0,27651.3727891816,20252.126858327956,6.386985558579465e-09,4.100196133539349,-0.0,27659.297451240785,20296.112694111434,6.391295202726864e-09,4.100124467711243,-0.0,27715.35039055212,20529.343328655752,6.402636498905866e-09,4.100125719377796,-0.0,27699.94923760897,20521.454483559042,6.404978987472761e-09,4.100250216325999,-0.0,27677.173456212102,20202.32347158233,6.378410801815059e-09,4.0998038664606495,-0.0,27678.007519386676,20249.71974836312,6.38320694225717e-09,4.099875532288757,-0.0
CV-charge,84,470778.9923055037,6109.09090909091,8.2,5.668836515325348,1.4179217722968285,1.4279948706941101,1.408808628826597,1.4141112435078123,27705.556836902506,20552.326864705527,6.4026634714479295e-09,4.099874670833157,-0.0,27704.182227318695,20532.7957964777,6.4028351717302265e-09,4.099750074760577,-0.0,27629.776714655694,20275.624316395904,6.38718989353965e-09,4.100197519455138,-0.0,27637.629613694637,20319.48114783573,6.391499978498047e-09,4.100126003423814,-0.0,27693.4706507751,20553.2794918853,6.40284748131895e-09,4.100125329166843,-0.0,27678.15724565257,20545.079770879795,6.405188861452441e-09,4.1002499252394236,-0.0,27655.280033257608,20226.32926085262,6.378615713853225e-09,4.099802480544862,-0.0,27656.12424594626,20273.56830623774,6.383412276008894e-09,4.099873996576184,-0.0
CV-charge,85,470851.719578231,6181.818181818182,8.2,5.546915228326358,1.3875459334714688,1.3972909760297234,1.3784716841038127,1.3836066347213531,27684.010772017307,20575.76125470457,6.402873364595163e-09,4.099875050982947,-0.0,27682.56683159617,20556.054312140717,6.403044144950014e-09,4.099750349876806,-0.0,27608.645690738304,20298.61566102066,6.3873931662497844e-09,4.100198902175782,-0.0,27616.4291915766,20342.34538177558,6.39170369187473e-09,4.100127530856197,-0.0,27672.05964920613,20576.702729961275,6.4030573589448396e-09,4.100124949017053,-0.0,27656.83382349423,20568.196940275528,6.405397642145169e-09,4.100249650123194,-0.0,27633.858064024193,20249.81799024189,6.378819542070407e-09,4.099801097824217,-0.0,27634.713035284858,20296.90228757231,6.383616526831362e-09,4.0998724691438015,-0.0
CV-charge,86,470924.4468509583,6254.545454545455,8.2,5.427631591037566,1.357826484761874,1.3672521615151814,1.3487904346750348,1.3537625100854758,27662.926205557298,20598.693574343673,6.403082177398508e-09,4.099875421474956,-0.0,27661.416129131612,20578.812687195063,6.403252043425672e-09,4.099750609995316,-0.0,27587.96966246337,20321.11184026695,6.3875954008800415e-09,4.100200280507512,-0.0,27595.68606092726,20364.71632231702,6.391906367067193e-09,4.100129049063803,-0.0,27651.107253120823,20599.624136545714,6.403266156717782e-09,4.100124578525043,-0.0,27635.968817672307,20590.817007794387,6.405605354329819e-09,4.100249390004684,-0.0,27612.897355100697,20272.800844608028,6.379022311104909e-09,4.099799719492487,-0.0,27613.763662785863,20319.73284318172,6.383819719379882e-09,4.099870950936199,-0.0
CV-charge,87,470991.65216974757,6321.750773334737,8.2,5.320009999999999,1.3310116032375545,1.340150827207256,1.322010650528931,1.3268369190262568,27643.89970800666,20619.387344798768,6.4032740665499005e-09,4.099875754600828,-0.0,27642.331653813635,20599.347661914675,6.403443093316127e-09,4.099750837097557,-0.0,27569.314233314257,20341.409433787918,6.387781253347608e-09,4.100201545792573,-0.0,27576.970879436638,20384.900061219927,6.392092626587009e-09,4.100130439124974,-0.0,27632.20002476788,20620.30805917205,6.403458032464472e-09,4.100124245399171,-0.0,27617.14212909081,20611.227186334578,6.405796238248461e-09,4.100249162902443,-0.0,27593.985066190926,20293.537552328864,6.379208636505417e-09,4.099798454207428,-0.0,27594.862402649418,20340.3312631502,6.38400643723569e-09,4.0998695608750255,-0.0
